4.2977,203
4.3504,203
4.4038,204
4.4578,203
4.5124,201
4.5678,199
4.6238,202
4.6805,204
4.7379,205
4.796,202
4.8548,199
4.9143,197
4.9746,196
5.0356,195
5.0973,194
5.1598,194
5.2231,194
5.2871,194
5.352,194
5.4176,193
5.484,191
5.5513,189
5.6193,189
5.6883,191
5.758,191
5.8286,189
5.9001,187
5.9724,186
6.0457,186
6.1198,187
6.1948,190
6.2708,192
6.3477,192
6.4255,190
6.5043,185
6.5841,183
6.6648,183
6.7466,186
6.8293,189
6.913,188
6.9978,186
7.0836,182
7.1705,181
7.2584,180
7.3474,181
7.4375,181
7.5287,180
7.621,179
7.7145,178
7.8091,178
7.9048,178
8.0018,177
8.0999,175
8.1992,174
8.2998,175
8.4015,178
8.5046,176
8.6088,175
8.7144,174
8.8213,173
8.9294,173
9.0389,172
9.1498,171
9.262,171
9.3755,171
9.4905,170
9.6069,169
9.7247,168
9.8439,166
9.9646,165
10.087,166
10.211,165
10.336,164
10.462,162
10.591,164
10.721,165
10.852,166
10.985,164
11.12,162
11.256,161
11.394,160
11.534,160
11.675,160
11.819,160
11.964,162
12.11,163
12.259,162
12.409,160
12.561,159
12.715,161
12.871,163
13.029,162
13.189,159
13.35,155
13.514,153
13.68,152
13.848,153
14.017,153
14.189,152
14.363,151
14.539,150
14.718,149
14.898,149
15.081,149
15.266,148
15.453,146
15.643,147
15.834,147
16.029,146
16.225,141
16.424,141
16.625,140
16.829,140
17.036,137
17.245,135
17.456,134
17.67,134
17.887,134
18.106,133
18.328,131
18.553,129
18.78,128
19.011,128
19.244,127
19.48,124
19.719,121
19.96,118
20.205,118
20.453,115
20.704,111
20.958,107
21.215,105
21.475,105
21.738,106
22.005,104
22.274,101
22.548,99
22.824,98
23.104,97
23.387,95
23.674,92
23.964,89
24.258,87
24.556,85
24.857,84
25.162,82
25.47,81
25.782,80
26.099,80
26.419,81
26.743,80
27.071,79
27.403,76
27.739,74
28.079,74
28.423,75
28.772,77
29.124,77
29.481,77
29.843,75
30.209,74
30.579,74
30.954,75
31.334,76
31.718,76
32.107,76
32.501,77
32.899,79
33.303,79
33.711,79
34.124,79
34.543,80
34.967,81
35.395,82
35.829,82
36.269,82
36.713,82
37.164,83
37.619,85
38.081,86
38.548,86
39.02,86
39.499,86
39.983,85
40.473,84
40.97,85
41.472,87
41.981,90
42.495,92
43.017,92
43.544,91
44.078,89
44.618,89
45.166,90
45.719,91
46.28,93
46.848,94
47.422,96
48.004,96
48.592,96
49.188,97
49.791,97
50.402,97
51.02,96
51.645,96
52.279,96
52.92,99
53.569,100
54.226,100
54.891,98
55.564,100
56.245,104
56.935,108
57.633,107
58.34,105
59.055,104
59.779,104
60.512,108
61.254,111
62.005,113
62.766,113
63.535,113
64.314,113
65.103,113
65.901,115
66.709,117
67.527,118
68.356,116
69.194,115
70.042,115
70.901,117
71.771,122
72.651,125
73.541,126
74.443,126
75.356,125
76.28,124
77.216,124
78.162,124
79.121,125
80.091,127
81.073,129
82.067,128
83.074,126
84.092,126
85.124,128
86.167,131
87.224,133
88.294,135
89.376,134
90.472,133
91.582,134
92.705,136
93.841,137
94.992,137
96.157,138
97.336,139
98.53,140
99.738,142
100.96,143
102.2,144
103.45,146
104.72,147
106,147
107.3,147
108.62,148
109.95,149
111.3,147
112.67,147
114.05,148
115.45,150
116.86,150
118.29,150
119.74,150
121.21,151
122.7,153
124.2,155
125.73,157
127.27,158
128.83,158
130.41,158
132.01,157
133.63,158
135.27,159
136.92,163
138.6,166
140.3,166
142.02,164
143.77,164
145.53,165
147.31,165
149.12,163
150.95,164
152.8,165
154.67,168
156.57,169
158.49,170
160.43,170
162.4,168
164.39,166
166.41,166
168.45,167
170.51,170
172.6,173
174.72,173
176.86,170
179.03,168
181.23,168
183.45,169
185.7,169
187.98,169
190.28,168
192.61,167
194.98,167
197.37,167
199.79,165
202.24,163
204.72,163
207.23,165
209.77,166
