4.2977,183
4.3504,184
4.4038,186
4.4578,185
4.5124,183
4.5678,179
4.6238,180
4.6805,180
4.7379,179
4.796,175
4.8548,176
4.9143,178
4.9746,181
5.0356,182
5.0973,182
5.1598,182
5.2231,182
5.2871,182
5.352,181
5.4176,180
5.484,180
5.5513,180
5.6193,181
5.6883,182
5.758,181
5.8286,180
5.9001,179
5.9724,180
6.0457,178
6.1198,177
6.1948,176
6.2708,176
6.3477,175
6.4255,175
6.5043,175
6.5841,176
6.6648,176
6.7466,177
6.8293,175
6.913,174
6.9978,173
7.0836,173
7.1705,172
7.2584,170
7.3474,168
7.4375,166
7.5287,165
7.621,165
7.7145,166
7.8091,166
7.9048,166
8.0018,165
8.0999,164
8.1992,163
8.2998,162
8.4015,162
8.5046,162
8.6088,160
8.7144,156
8.8213,152
8.9294,152
9.0389,153
9.1498,155
9.262,156
9.3755,155
9.4905,153
9.6069,151
9.7247,150
9.8439,149
9.9646,148
10.087,145
10.211,144
10.336,144
10.462,146
10.591,146
10.721,144
10.852,142
10.985,142
11.12,141
11.256,140
11.394,141
11.534,141
11.675,140
11.819,139
11.964,138
12.11,139
12.259,140
12.409,141
12.561,142
12.715,143
12.871,142
13.029,140
13.189,140
13.35,140
13.514,140
13.68,141
13.848,140
14.017,140
14.189,140
14.363,142
14.539,141
14.718,139
14.898,140
15.081,142
15.266,144
15.453,145
15.643,144
15.834,141
16.029,141
16.225,145
16.424,147
16.625,149
16.829,151
17.036,152
17.245,154
17.456,156
17.67,156
17.887,154
18.106,154
18.328,155
18.553,157
18.78,160
19.011,162
19.244,164
19.48,163
19.719,161
19.96,160
20.205,160
20.453,161
20.704,162
20.958,163
21.215,162
21.475,163
21.738,165
22.005,167
22.274,166
22.548,165
22.824,164
23.104,164
23.387,166
23.674,167
23.964,168
24.258,170
24.556,171
24.857,173
25.162,176
25.47,178
25.782,178
26.099,177
26.419,174
26.743,173
27.071,174
27.403,174
27.739,174
28.079,175
28.423,178
28.772,178
29.124,177
29.481,175
29.843,174
30.209,174
30.579,175
30.954,177
31.334,180
31.718,180
32.107,178
32.501,177
32.899,178
33.303,179
33.711,181
34.124,182
34.543,183
34.967,182
35.395,181
35.829,180
36.269,179
36.713,179
37.164,180
37.619,181
38.081,181
38.548,181
39.02,180
39.499,179
39.983,178
40.473,178
40.97,178
41.472,179
41.981,181
42.495,180
43.017,178
43.544,177
44.078,177
44.618,179
45.166,181
45.719,182
46.28,179
46.848,179
47.422,179
48.004,178
48.592,176
49.188,175
49.791,177
50.402,179
51.02,180
51.645,181
52.279,181
52.92,181
53.569,181
54.226,182
54.891,185
55.564,184
56.245,184
56.935,183
57.633,182
58.34,183
59.055,184
59.779,185
60.512,183
61.254,184
62.005,187
62.766,188
63.535,188
64.314,188
65.103,188
65.901,188
66.709,188
67.527,188
68.356,191
69.194,192
70.042,192
70.901,192
71.771,195
72.651,196
73.541,196
74.443,195
75.356,194
76.28,195
77.216,197
78.162,198
79.121,198
80.091,197
81.073,198
82.067,198
83.074,198
84.092,197
85.124,196
86.167,195
87.224,195
88.294,197
89.376,201
90.472,203
91.582,203
92.705,204
93.841,206
94.992,206
96.157,204
97.336,204
98.53,205
99.738,206
100.96,205
102.2,206
103.45,206
104.72,207
106,208
107.3,207
108.62,205
109.95,205
111.3,206
112.67,207
114.05,208
115.45,207
116.86,207
118.29,207
119.74,208
121.21,207
122.7,205
124.2,203
125.73,202
127.27,199
128.83,194
130.41,188
132.01,180
133.63,172
135.27,164
136.92,160
138.6,163
140.3,171
142.02,184
143.77,195
145.53,199
147.31,201
149.12,205
150.95,208
152.8,209
154.67,210
156.57,213
158.49,215
160.43,215
162.4,213
164.39,211
166.41,210
168.45,211
170.51,212
172.6,211
174.72,212
176.86,213
179.03,215
181.23,215
183.45,215
185.7,215
187.98,216
190.28,216
192.61,215
194.98,213
197.37,213
199.79,213
202.24,214
204.72,216
207.23,217
209.77,217
