2.0369,213.73
2.0831,212.34
2.1304,211.86
2.1788,211.83
2.2283,211.83
2.2789,211.83
2.3307,211.83
2.3836,211.83
2.4377,211.83
2.4931,211.83
2.5497,211.3
2.6076,210.34
2.6669,209.29
2.7274,208.25
2.7894,207.83
2.8527,207.83
2.9175,207.83
2.9838,207.83
3.0515,208.99
3.1209,209.83
3.1917,209.83
3.2642,208.77
3.3384,208
3.4142,208
3.4917,208
3.571,208
3.6521,208
3.7351,208
3.8199,208
3.9067,209.06
3.9954,209.83
4.0861,209.83
4.179,209.83
4.2739,209.83
4.3709,209.83
4.4702,209.83
4.5717,209.83
4.6756,209.83
4.7818,209.83
4.8904,209.83
5.0014,209.78
5.115,210.22
5.2312,209.39
5.35,207.98
5.4715,206.5
5.5958,205.79
5.7229,205.83
5.8529,205.83
5.9858,205.78
6.1217,205.74
6.2608,205.74
6.403,205.74
6.5484,204.46
6.6971,204.79
6.8492,204.58
7.0048,201.57
7.1639,199.69
7.3266,199.04
7.493,194.12
7.6632,192.2
7.8372,192.88
8.0152,191.12
8.1972,188.18
8.3834,187.3
8.5738,185.84
8.7686,182.83
8.9677,181.62
9.1714,178.69
9.3797,176.65
9.5927,175.47
9.8106,171.69
10.033,168.47
10.261,166.47
10.494,163.87
10.733,160.92
10.976,159.09
11.226,155.68
11.481,151.87
11.741,151.25
12.008,149.82
12.281,147.32
12.56,144.05
12.845,141.69
13.137,138.45
13.435,134.78
13.74,131.78
14.052,129.92
14.371,128.23
14.698,126.15
15.032,123.56
15.373,120.05
15.722,116.74
16.079,113.77
16.445,111.32
16.818,107.48
17.2,104.33
17.591,101.72
17.99,98.732
18.399,96.314
18.817,94.879
19.244,93.331
19.681,91.965
20.128,91.462
20.585,90.19
21.053,88.791
21.531,87.791
22.02,87.392
22.52,87.392
23.031,87.392
23.555,86.79
24.09,85.842
24.637,85.479
25.196,85.479
25.768,86.083
26.354,87.582
26.952,88.962
27.564,90.549
28.19,91.358
28.831,91.945
29.486,93.516
30.155,94.911
30.84,95.358
31.541,95.998
32.257,97.605
32.989,98.999
33.739,101.77
34.505,105.07
35.289,108.04
36.09,110.43
36.91,114.2
37.748,117.4
38.605,120.04
39.482,122.38
40.379,124.91
41.296,127.92
42.234,131.01
43.193,133.94
44.174,136.82
45.178,139.89
46.204,142.46
47.253,146.81
48.326,149.04
49.424,150.27
50.546,151.66
51.694,152.66
52.868,153.66
54.069,154.71
55.297,155.69
56.553,156.76
57.837,157.83
59.151,158.83
60.495,159.83
61.868,158.38
63.274,157.99
64.711,159.6
66.18,158.52
67.684,155.76
69.221,157.65
70.793,158.76
72.401,155.28
74.045,152.4
75.727,150.9
77.447,148.82
79.206,150.39
81.005,153.92
82.844,155.91
84.726,155.21
86.65,158.69
88.618,161.31
90.631,161.31
92.689,161.31
94.794,160.12
96.947,159.39
99.149,159.39
101.4,158.83
103.7,157.19
106.06,158.25
108.47,158.21
110.93,156.18
113.45,155.39
116.03,155.39
118.66,155.39
121.36,154.31
124.11,153.65
126.93,153.65
129.82,153.65
132.76,153.71
135.78,153.74
138.86,153.74
142.02,153.74
145.24,154.93
148.54,156.22
151.92,157.08
155.37,158.53
158.89,159.38
162.5,158.28
166.19,156.94
169.97,155.37
173.83,153.4
177.78,151.97
181.82,153.34
185.94,156.22
190.17,158.5
