2.0369,197.65
2.0831,199.21
2.1304,196.36
2.1788,193.37
2.2283,192.34
2.2789,190.81
2.3307,186.69
2.3836,184.16
2.4377,184.46
2.4931,184.64
2.5497,182.51
2.6076,179.22
2.6669,176.08
2.7274,173.01
2.7894,172.32
2.8527,170.95
2.9175,167.82
2.9838,165.85
3.0515,165.97
3.1209,165.33
3.1917,164.04
3.2642,163.07
3.3384,163.33
3.4142,163.98
3.4917,163.35
3.571,163.99
3.6521,163.66
3.7351,162.24
3.8199,163.57
3.9067,166.75
3.9954,164.99
4.0861,162.84
4.179,166.74
4.2739,169.96
4.3709,172.01
4.4702,172.84
4.5717,171.07
4.6756,170.38
4.7818,170.65
4.8904,170.65
5.0014,170.07
5.115,168.86
5.2312,168.71
5.35,158.63
5.4715,158.21
5.5958,161.15
5.7229,162.89
5.8529,169.04
5.9858,173.43
6.1217,173.34
6.2608,172.48
6.403,173.65
6.5484,171.84
6.6971,170
6.8492,170
7.0048,170
7.1639,171.56
7.3266,171.47
7.493,168.88
7.6632,166.47
7.8372,165.7
8.0152,164.51
8.1972,161.93
8.3834,158.97
8.5738,154.89
8.7686,152.32
8.9677,150.78
9.1714,149.95
9.3797,149.22
9.5927,147.45
9.8106,146.13
10.033,144.59
10.261,142.6
10.494,141.23
10.733,140.18
10.976,139.74
11.226,138.6
11.481,137.18
11.741,136.14
12.008,136.13
12.281,134.32
12.56,133.46
12.845,135.35
13.137,136.6
13.435,137.88
13.74,139.25
14.052,140.3
14.371,141.93
14.698,143.99
15.032,146.62
15.373,148.37
15.722,149.88
16.079,151.9
16.445,154.54
16.818,156.94
17.2,158.94
17.591,161.54
17.99,163.94
18.399,164.95
18.817,166.73
19.244,169.47
19.681,172.21
20.128,172.42
20.585,171.83
21.053,171.83
21.531,171.83
22.02,171.93
22.52,172
23.031,172
23.555,172.5
24.09,173.93
24.637,175.31
25.196,176.34
25.768,178.39
26.354,179.43
26.952,178.29
27.564,176.62
28.19,175.95
28.831,175.97
29.486,176.66
30.155,177.74
30.84,177.52
31.541,177.09
32.257,177.09
32.989,177.09
33.739,177.54
34.505,177.77
35.289,178.8
36.09,180.03
36.91,177.62
37.748,175.83
38.605,175.83
39.482,174.61
40.379,173.11
41.296,174.37
42.234,175.58
43.193,174.49
44.174,175.52
45.178,177.26
46.204,175.87
47.253,177.58
48.326,178.68
49.424,177.21
50.546,176.83
51.694,177.96
52.868,179.28
54.069,179.23
55.297,177.13
56.553,177.78
57.837,178.41
59.151,178.03
60.495,179.12
61.868,180.89
63.274,182.79
64.711,184.74
66.18,184.97
67.684,184.14
69.221,185.06
70.793,184.6
72.401,182.6
74.045,181.26
75.727,180.91
77.447,180.91
79.206,181.48
81.005,181.83
82.844,181.83
84.726,181.83
86.65,181.83
88.618,181.83
90.631,181.83
92.689,181.83
94.794,181.05
96.947,182.42
99.149,182.95
101.4,180.71
103.7,179.73
106.06,178.64
108.47,176.16
110.93,174.98
113.45,174.81
116.03,174.9
118.66,175.62
121.36,176
124.11,174.65
126.93,173.04
129.82,173.24
132.76,172.52
135.78,169.9
138.86,168.06
142.02,169.41
145.24,170.53
148.54,171.76
151.92,172.37
155.37,169.81
158.89,166.54
162.5,166.62
166.19,169.07
169.97,170.76
173.83,173.5
177.78,176.22
181.82,178.31
185.94,180.34
190.17,179.78
