108.8839
80.5993
71.6309
118.4994
56.5882
62.6682
23.4045
64.9148
64.2356
105.8392
105.2335
57.3521
79.4474
54.3360
113.7146
147.2400
52.5118
108.2371
52.5190
75.3851
98.8148
98.2828
77.8221
78.2634
79.5233
62.1714
142.8385
120.6068
88.8144
88.7661
114.9290
80.4489
63.6433
49.6876
73.3040
75.6485
64.1984
73.8614
105.4927
69.2394
85.5200
73.0854
83.1373
89.0295
69.2103
105.6747
85.0496
85.5823
94.7463
71.5950
70.7406
79.4199
139.4580
57.9039
66.4556
54.5993
75.7957
94.6617
69.9884
58.6696
18.3677
103.0778
115.5285
97.8387
108.3057
69.2720
21.2007
130.9699
118.4421
59.2370
68.1843
75.1825
92.8452
111.3350
70.3275
69.8743
103.4860
76.3309
99.7117
102.7538
78.5541
61.4044
85.4033
82.3072
112.3968
60.1743
88.2877
30.5807
72.4422
88.2015
86.5474
56.0927
76.8395
118.4138
26.0085
20.1979
141.7678
85.4653
82.4804
89.1551
114.9258
86.5624
76.8443
109.9319
92.0460
141.0285
81.6820
130.2314
97.8090
63.8283
80.9821
72.7015
110.2263
111.5913
90.0207
35.4259
131.1081
15.6162
107.8052
27.5356
26.7631
63.1978
23.3528
74.0984
156.5118
117.9239
72.7733
74.0378
62.1968
128.9318
93.0691
114.8998
113.4089
80.3571
94.2509
103.6949
56.3773
108.1215
42.2245
42.0270
93.2415
101.6229
89.4278
123.2266
107.1321
128.3701
18.9732
94.3305
20.5308
69.8518
103.6112
98.2447
87.0698
81.4156
111.6409
74.6257
86.0070
56.6704
117.2603
70.5713
152.2120
85.8488
76.0919
71.5872
81.3942
95.9961
55.3125
39.5117
41.4714
128.1854
23.0839
65.8083
85.9311
18.5876
71.6648
96.5653
293.6237
60.7733
77.2091
89.5478
85.8623
70.9225
59.6638
73.7771
87.3455
87.3051
53.4887
83.1062
64.2789
80.6157
95.9004
52.4196
100.7343
84.6152
104.9929
111.4195
67.1758
60.3456
82.9828
75.1526
90.4268
68.0849
78.9594
87.9703
85.4693
93.8398
83.5121
111.4120
93.0735
115.1502
24.1506
72.1311
63.5188
79.0435
77.7493
79.5486
190.0019
117.2276
55.3606
74.2231
146.3511
59.7023
103.7086
60.5588
95.3432
90.2510
89.9038
94.2499
72.3499
99.2745
93.1997
95.7995
135.9594
102.4461
93.2002
193.8531
65.7970
128.6725
81.7971
121.7017
107.5718
82.9392
81.4166
88.1150
90.5601
67.4643
98.5607
124.2647
117.3404
118.3666
55.8932
36.7255
86.6865
84.1506
85.5121
40.0713
88.8094
73.3487
129.0932
73.5359
102.5337
119.3909
86.1618
95.3258
57.9309
113.2671
93.3353
139.1795
127.2627
68.7165
90.6424
103.3702
123.2876
113.8772
86.8330
76.2980
98.2302
113.7886
66.6860
123.8096
135.3367
100.8839
88.0075
93.1493
55.2901
87.4451
106.0748
81.9245
92.3786
85.4127
140.1315
102.8668
110.3339
48.5006
87.2111
76.7609
106.4353
79.0811
65.8218
64.8097
81.1459
158.3742
94.3942
85.0760
121.3777
59.0632
123.2152
58.6647
49.4641
80.5960
76.1958
100.7829
81.0621
65.7971
74.3754
104.1360
91.3515
72.9649
61.7592
101.4400
76.4116
71.8116
68.6929
85.8197
58.3631
99.5766
77.4815
86.3222
99.7577
89.2364
68.2760
120.4638
73.5842
136.3255
146.0126
108.2717
150.0288
109.1075
106.0797
57.7278
66.8800
87.8614
260.0563
80.6035
79.3791
74.5532
63.3113
124.9985
61.3213
81.9317
45.8870
100.8342
50.9906
99.4099
130.0749
130.6998
94.2364
81.0662
76.7268
72.6999
104.1950
59.4625
58.6789
93.2895
117.3779
115.5931
111.3903
66.9189
93.7209
115.3858
83.1886
97.4188
115.4659
156.5063
159.6282
81.1765
93.4836
111.8827
77.8897
93.1974
87.1346
69.5846
80.8098
96.8916
69.2208
71.0606
82.7205
113.0661
76.4194
76.6621
129.3319
138.4056
87.4259
84.8491
89.5257
101.4149
111.8022
88.7474
169.8699
98.2619
77.2262
106.7918
146.8489
107.8994
71.8062
75.7501
79.9126
99.3821
133.1808
125.8881
106.0097
176.5521
129.0096
89.4174
92.8668
107.5272
119.2508
117.4675
166.8087
162.3869
106.0594
129.3422
101.3735
105.3471
98.5141
209.6592
109.0985
89.1648
87.5375
106.6436
74.2769
92.3298
65.6110
98.3448
126.7176
67.2857
74.5364
85.6353
109.1583
80.9774
88.7832
79.5892
72.5732
72.5074
95.4704
96.3038
78.3687
85.7640
111.1916
68.7637
114.9993
66.9586
145.0027
76.5573
78.3498
74.5182
72.4924
77.2432
85.3475
98.7229
76.9306
49.9228
125.9029
66.7975
113.5125
137.7704
68.0734
100.7685
118.5545
108.5753
58.4494
53.6346
73.0942
114.1296
157.4631
67.1842
87.3789
80.2703
101.0332
89.0937
95.4437
98.9642
49.9707
48.3844
62.8753
152.9727
88.2778
63.7970
87.6832
119.6375
76.1018
108.1548
78.8130
66.2715
96.8076
113.8329
59.4222
67.4613
64.1826
58.1082
78.4929
78.0310
85.1597
100.3418
63.1865
71.4468
84.1248
107.4292
74.0132
96.6236
111.5360
60.7233
106.9431
67.1713
71.0380
110.7783
80.7177
68.9094
82.7020
96.1004
58.0789
114.6042
72.7135
101.3355
95.6330
79.6333
144.8553
125.0969
100.5006
103.4940
53.6048
85.4936
71.7211
67.7351
64.7564
96.4651
103.2937
66.9569
103.8507
70.3235
81.3588
76.3045
73.1214
63.7020
77.0029
132.9726
59.1286
91.0319
99.7686
103.2336
77.2570
181.0243
61.3416
48.4584
73.7987
47.7181
73.8012
79.7757
131.0095
61.3266
96.5253
94.1493
57.8584
83.6726
89.8143
80.5215
133.8477
91.0423
100.2937
84.0494
100.9760
89.7921
61.8791
76.4673
146.1814
139.0250
104.8560
70.6721
115.1272
96.6544
105.7335
75.6958
88.9173
83.1099
143.9989
84.8618
19.3520
116.4968
96.6692
148.1248
97.0338
90.6086
95.2095
84.6636
113.2587
83.4405
18.4063
81.7082
64.1942
111.0666
142.1553
71.8179
201.1857
87.9337
116.0305
81.1858
70.9892
91.8697
84.8756
88.4386
90.9604
63.1575
74.1835
66.0208
82.0316
68.6226
58.1103
94.9139
71.0899
76.0980
130.3429
67.9601
