137.1358
62.3527
58.8340
100.0421
148.2830
98.4036
96.0313
82.6850
91.4836
119.8600
60.6630
87.3840
79.2189
149.4499
101.0246
102.0074
81.4023
83.3571
148.5578
74.0124
90.7199
133.6908
91.1356
126.3101
81.5654
83.1626
168.9256
88.8271
99.3123
37.8245
93.2952
21.5774
93.8435
134.9847
82.5361
116.6680
115.8736
89.5181
81.5670
27.0104
57.6177
85.4410
64.3067
101.0131
21.3981
96.4938
84.3794
92.6959
91.6341
128.6553
117.8758
101.7798
129.1701
65.5249
116.5261
100.9794
74.0280
107.3035
64.7727
70.7231
124.2710
75.1093
116.1107
68.4345
73.4528
94.7229
96.5141
78.7303
24.5868
71.2685
84.1319
16.7636
73.3841
140.6385
97.2353
91.1677
90.9383
102.3067
106.4985
93.8665
95.2324
80.3827
125.4623
106.3685
114.6843
71.6538
30.6056
18.0990
21.1885
81.4728
111.3094
72.2882
84.9161
82.4704
87.3915
94.6080
96.4687
75.6578
80.3566
120.3016
137.1497
98.5926
124.4571
108.9117
124.0972
100.9653
76.4746
71.1104
107.6999
86.6042
68.3252
106.8612
153.8812
94.7337
143.1295
89.9259
138.2909
112.3675
78.4789
107.3256
159.3607
168.0373
150.0082
94.8568
102.2346
154.6265
85.1765
96.7279
104.3440
118.9453
103.0764
103.5182
85.5885
29.3051
94.3233
124.7539
164.8506
100.3841
107.8629
115.3783
96.0133
104.5215
80.5156
91.3975
116.5820
124.2787
22.0027
97.3073
144.1836
140.6995
116.7647
72.5705
124.8510
66.4888
139.7909
59.2329
68.7825
88.6109
115.4585
97.4267
89.9928
140.0479
62.6009
93.9824
109.3160
80.2617
119.7282
138.5014
110.2205
85.9437
138.7118
70.5632
137.8516
71.3924
132.7141
66.8457
84.8011
89.5773
71.2159
111.8892
95.1565
88.0658
64.5397
70.6855
105.5616
31.2979
153.5668
75.6752
117.3034
74.5621
74.6143
64.6250
100.4692
83.6758
90.4261
94.3436
138.7848
97.8831
77.6923
97.2644
125.9944
138.6466
152.7652
127.0738
149.5679
165.4091
56.9317
96.1985
122.4263
119.7466
99.0152
108.4272
131.8685
74.2967
66.4835
82.8831
134.4055
275.5444
125.6475
154.2627
110.7772
98.7565
146.8496
158.2929
88.5572
100.3648
150.7106
153.1222
54.2670
139.5157
129.3034
63.3856
37.1395
96.3339
128.3712
66.9233
45.4192
82.2894
103.1264
195.5213
79.8101
96.4805
104.6383
114.5330
177.0744
80.7603
116.7010
126.9405
97.2216
176.6822
166.2105
92.7033
107.9847
69.3735
89.9848
69.1535
87.8751
113.5005
67.5158
135.5940
100.8848
169.6012
120.3580
110.1246
201.6314
137.8568
170.7301
109.5951
80.2652
162.8330
61.1343
75.1481
41.5244
86.0319
90.3568
111.1901
146.2624
64.9979
53.0074
88.8984
166.0823
49.0005
200.4486
138.9412
81.1709
81.6808
110.5047
172.7327
138.3610
40.3994
103.9895
107.6252
125.7359
86.5310
95.4684
68.6737
185.6729
188.4209
147.5666
236.6358
149.5295
100.1563
124.1910
99.3574
95.4557
109.5891
100.8189
124.4234
164.2221
83.0944
74.3581
117.9212
79.1761
87.7873
126.6254
166.9153
26.3289
115.4097
89.7061
93.6588
176.9882
69.3073
87.9106
87.6962
162.6681
113.1890
95.9301
78.0663
119.7139
66.9572
90.1636
137.0013
109.6242
121.2924
71.5681
53.9076
94.6156
73.3930
201.3254
198.3640
157.9160
143.9805
94.9806
90.8304
93.8622
126.2748
92.8633
71.4716
87.7913
91.6809
90.9228
99.9854
37.4422
151.8904
51.9746
95.7703
134.5691
152.6500
86.0963
147.5967
140.9039
93.9385
156.8776
107.8323
97.5235
95.2097
113.6257
118.4979
101.2394
116.0439
145.3105
97.9122
88.4574
122.9003
101.3282
140.0104
95.5891
95.5656
95.3320
80.4117
102.6468
139.8238
82.3940
51.8561
86.5414
168.1485
83.0666
74.1683
63.5708
196.6874
126.9220
88.7540
118.0205
80.0001
108.0083
69.8190
142.7447
135.7548
85.5501
125.3131
129.1745
174.2221
83.4308
77.9887
128.5629
105.4378
121.1946
80.0866
88.9597
28.7224
98.6978
74.8903
80.7475
104.0668
80.7610
137.5913
101.3234
134.2671
186.9382
171.5454
60.9564
163.2595
128.5352
70.9602
84.1790
104.9550
131.7550
110.7164
42.6772
235.6865
119.2544
76.6838
73.3371
86.3129
67.2515
73.6037
56.3636
78.7684
158.3725
129.2936
99.0170
123.9014
205.3423
85.7375
119.0061
135.8111
116.4132
94.3725
114.2779
102.2886
116.4015
103.9983
114.6229
123.7255
136.6725
169.5077
103.3148
150.9395
102.0358
76.1393
68.9895
77.8815
77.9452
110.6144
98.4297
48.1602
121.3563
86.3191
130.5070
159.0989
63.6537
152.0764
133.1093
98.9744
92.1856
123.8248
152.1594
126.9429
78.9745
51.0134
100.8461
142.8144
93.4584
67.3245
98.0613
81.4668
75.3492
103.8135
71.5658
112.1215
74.3266
92.2029
128.1983
75.5908
75.9743
35.8500
111.8159
86.7813
141.8294
116.8856
98.7094
108.8798
186.9088
91.7444
97.4530
79.8746
76.0173
84.9244
74.0686
81.2868
142.8347
111.2375
110.9895
107.7106
89.3130
73.8432
138.2776
123.5598
88.8628
23.7349
103.5068
25.8451
42.2357
82.5098
85.7110
133.9348
103.8773
76.0030
107.7140
93.9871
35.8584
83.7562
115.6717
126.7488
98.7189
91.0616
96.4935
70.3088
114.5192
132.9863
85.5021
71.1666
118.8696
165.1582
97.9390
102.0261
150.8025
143.4814
156.1923
126.5294
125.2477
101.5603
76.2657
150.1994
107.4883
97.4335
85.2765
113.3564
90.1320
152.4022
92.4046
88.0725
168.3598
231.9262
84.1973
56.9832
157.0338
210.9552
189.1593
150.6362
185.2816
69.1289
179.3423
84.0706
45.6472
96.7146
95.6721
115.0474
77.8535
79.3036
100.6575
103.1724
134.9925
100.3402
147.5069
170.6043
148.3227
79.0841
75.2438
131.9284
104.0145
101.9500
76.1565
87.3869
88.6936
80.5399
100.2567
76.2642
76.9300
71.5330
124.3680
71.8878
63.7723
105.0905
111.4709
180.1137
225.2461
53.3913
57.0786
101.8193
81.0014
118.7644
57.2835
75.0501
75.1455
70.3368
62.0508
82.8658
63.1552
95.3102
92.1440
111.6745
92.5385
166.2591
97.7353
148.7341
104.7203
131.3405
97.9918
89.2270
109.3525
155.7766
99.2190
214.0174
138.0078
61.5265
98.4742
146.8957
93.5194
126.9685
106.4397
173.9387
79.7947
139.7386
90.4037
147.8415
68.7353
88.4610
102.0165
61.1226
127.4083
101.3219
114.3833
138.4810
68.8775
126.3119
215.7048
108.5123
80.9418
93.2774
85.0992
110.8500
97.8572
108.8689
125.7057
120.7390
117.7032
115.1346
188.1848
99.8381
93.0452
86.7469
118.6442
91.9319
89.6504
129.8074
189.8084
120.5715
89.5378
124.8490
74.7765
94.7028
138.1392
127.1952
129.6038
154.6229
146.3745
61.0825
142.7843
84.5435
72.9559
136.3470
114.3397
104.7941
86.4591
70.1466
51.6362
78.8580
55.8575
129.9416
66.7938
126.5833
81.2815
105.3654
93.1617
105.0658
97.0595
69.4351
97.9915
94.2610
25.8709
75.0610
105.0248
88.6949
184.2897
92.8651
60.4980
57.1143
88.2425
95.2044
81.5148
88.6198
89.3814
91.2762
88.7768
69.3042
67.7038
110.8615
65.8207
74.5463
83.6377
111.8844
84.3480
67.1736
98.6470
102.3082
104.1923
87.4350
66.7259
90.4409
27.3975
72.3923
112.3791
79.2232
103.0150
85.2037
75.3149
111.5176
91.4042
86.8634
98.8797
108.0150
76.5594
57.1681
86.7006
103.0044
114.9926
128.2295
119.4949
62.4736
99.7290
68.9205
70.2546
81.6744
83.5101
108.7787
122.4082
120.8534
63.4356
97.5517
104.4311
91.7217
122.3936
19.7621
78.8837
159.1543
183.4102
94.6321
93.3782
93.0169
130.7566
177.2395
124.6926
222.7983
110.1261
128.7030
65.1809
102.0803
76.4702
120.5257
128.3604
85.6315
83.5814
137.0299
106.0158
84.2366
81.3244
66.2780
73.5274
97.8679
65.6710
85.3280
110.4483
169.3738
127.7018
18.9004
76.9168
74.5696
93.7051
41.9888
130.1809
73.8736
71.2347
163.1196
109.6924
111.5791
111.9823
101.8749
128.3958
31.1640
78.6532
106.3939
68.8268
110.8155
76.5178
114.2764
118.5457
54.2268
103.6222
76.4429
83.3693
128.0897
132.2564
75.9092
73.9491
67.6869
102.9892
87.6300
35.9330
118.0464
107.4540
82.8269
95.3062
114.3168
79.4523
90.2338
133.3020
138.9582
99.3046
34.2473
87.5837
108.8514
