133.4674
60.6317
116.7470
79.7927
73.8926
72.4489
18.1671
85.1720
115.9430
113.9797
80.6199
108.9238
80.1820
73.0986
154.4374
136.1733
87.1585
81.3836
69.9158
84.0402
174.3280
94.2873
80.7641
82.2657
79.4358
49.1464
78.0350
137.6106
140.9017
76.4194
79.0045
115.7393
127.9485
117.7794
86.4921
62.5161
66.8887
67.2420
93.2235
60.8375
35.2149
72.5873
76.2193
55.8673
122.9170
99.3977
84.7048
160.6732
84.0514
62.6563
50.8744
92.7143
70.7513
75.5902
118.9030
87.1804
90.5193
67.4963
102.7369
132.6057
160.7474
54.5639
85.8652
85.8858
146.5142
15.4035
102.3253
89.4290
89.0570
34.2549
116.8404
96.6693
87.4167
71.1412
70.9078
92.3412
54.4563
79.9317
61.6991
103.4689
94.0810
78.2388
103.6459
84.2439
126.5242
55.9509
154.8033
128.6025
132.4014
84.0495
119.0566
75.5411
51.9082
96.4105
100.6230
56.5642
145.6205
102.0108
71.2442
84.2346
85.9191
77.6667
77.2644
83.2147
64.2603
70.2075
68.5775
69.6347
92.9668
101.7644
100.4578
130.6085
96.0630
82.5799
77.2174
58.4682
54.3449
84.5600
83.5398
65.3232
85.2064
64.3041
86.5405
102.0036
61.6941
92.7704
105.7039
76.9439
80.9072
91.7880
126.0367
137.0586
109.1316
94.2972
87.7464
33.7075
27.2939
22.4382
186.0124
96.3709
162.5584
93.2324
125.2309
105.2659
117.2352
130.6626
138.4467
82.8824
121.5476
116.3755
135.9487
108.0818
145.7465
122.9809
78.9302
99.9664
126.7541
86.7415
89.5402
94.7201
113.3119
79.6193
64.0898
234.5099
83.5359
93.6788
84.5326
103.4444
101.3041
107.7735
118.2410
83.6786
77.4256
69.1116
201.4595
104.8293
154.9666
63.6041
137.3228
154.8119
21.0746
91.5948
102.8089
89.5742
134.2671
100.8957
153.4998
84.7664
88.4589
111.1411
115.7997
98.8729
163.5431
82.6245
125.3630
134.1072
112.2993
130.6354
91.2026
93.3903
43.6070
85.2627
118.0504
85.2718
89.9598
96.1434
177.3939
64.1495
111.9601
122.0763
86.0052
133.3523
69.0018
131.8036
68.0406
74.5808
123.4999
134.1874
106.4331
113.9638
87.8679
88.3766
100.5140
107.1978
233.0175
98.8499
129.1153
108.1260
128.7838
134.1648
120.1043
77.2494
143.9192
107.3702
80.8114
122.5434
191.5919
124.0765
131.1064
60.8272
141.0362
130.6159
75.2851
144.5828
73.4377
90.7534
100.7538
95.1638
178.0571
46.1196
137.7905
104.5743
179.5257
120.3300
74.9542
96.6209
149.6223
127.8781
93.1509
111.9329
101.9193
98.8460
109.7572
62.5348
89.9495
97.2913
88.0820
117.7612
100.5633
145.6237
104.0381
98.7534
95.7318
90.3664
102.7476
93.6675
71.1982
114.4734
80.7784
100.8637
68.5033
56.7555
77.4060
90.4861
97.0333
68.0117
109.4927
85.7231
128.3914
102.3724
118.8335
116.8071
85.6878
38.1692
99.1663
84.8367
138.2260
99.8392
113.2248
87.8064
40.9196
132.1314
142.3189
20.0256
81.5767
86.4015
90.9539
67.5994
82.4592
95.7445
77.9295
90.7983
23.8560
82.8896
77.3652
100.1333
43.0412
92.8116
91.3431
80.3272
129.6870
141.5954
157.0944
141.0122
104.2832
92.4070
53.8245
176.8999
182.3874
122.2196
69.7387
119.4583
78.8805
110.9295
53.7016
80.4850
63.3429
22.2336
123.3863
74.2397
120.2965
120.0016
114.1950
69.0100
107.5929
119.9839
98.1898
65.2282
65.0559
114.7320
89.1654
67.5229
110.2816
82.8805
124.7845
101.9685
69.4667
117.6784
68.1673
115.6009
77.1547
117.5669
97.6514
92.9336
77.8428
69.5461
66.0987
60.5409
67.2188
113.5033
82.8050
111.7139
92.1230
121.6491
132.7943
102.3338
98.5831
112.4854
23.3872
90.6310
68.6740
70.2576
77.5579
81.6205
100.0770
99.6408
70.4380
99.9066
123.9047
21.4114
76.3466
116.7447
123.7001
89.2765
118.6971
81.2342
82.2404
93.0121
123.0053
108.7131
111.4209
112.3612
116.1334
40.1133
153.0817
134.1358
163.1985
89.7242
101.9834
90.8379
67.4090
86.0113
61.4664
93.8975
83.9262
88.6100
72.0997
114.7830
112.2577
88.1823
96.1676
180.6238
108.8951
67.7280
18.7143
85.2013
90.9309
130.4642
88.3679
71.9804
65.8141
101.6258
108.4879
75.6282
220.9189
112.1525
94.5336
70.6575
53.6539
58.7985
86.0520
73.6135
101.7662
67.3719
172.8724
76.5212
59.0865
67.4965
107.9642
166.4669
72.3951
117.3094
119.4417
74.1327
112.8831
87.9721
131.8444
99.9444
101.3613
72.7932
86.9358
76.3041
106.9184
63.0378
62.3154
119.6721
101.7099
64.1686
101.6062
79.5981
102.1280
49.2657
92.3495
63.9945
94.5822
154.7536
78.0560
68.8825
126.3752
100.1647
109.5638
74.4847
106.1266
75.7874
18.4354
29.2762
64.9801
56.4858
102.2990
87.7709
138.7629
54.4155
73.6918
73.1295
120.8149
73.4295
123.7513
94.4950
70.6215
81.8025
158.5672
93.8005
75.8251
57.5200
96.6262
59.1820
66.0462
62.2347
66.3028
75.3292
97.3973
74.9209
64.4917
59.6791
94.0336
136.8980
82.8310
136.9484
100.6210
91.0831
87.9018
62.7028
20.7225
115.5863
82.9095
91.9134
90.9948
61.1903
105.9263
65.4226
95.2398
61.5225
104.0241
86.2112
138.6693
142.9470
111.2928
87.2604
89.2464
141.8401
121.1842
97.1011
105.5578
88.0866
67.5562
102.0247
93.0121
85.2748
104.1309
77.6730
90.7397
20.5373
102.7055
88.3719
87.8774
62.1072
75.0023
79.3514
75.6799
71.2578
96.5692
74.8725
65.7737
94.7787
130.0620
90.3871
77.2533
69.2820
28.7100
49.4107
105.8406
92.4464
89.3736
110.5725
73.9365
28.6035
130.2920
140.9123
129.5170
102.5144
58.7970
94.7789
116.7801
81.8558
87.1558
84.8812
128.9267
84.7570
94.9512
95.3420
71.7830
89.9432
63.7429
72.8379
82.6724
77.4606
82.1584
62.4710
101.9178
82.4733
75.0684
89.4043
83.5675
97.3773
102.7150
103.4069
56.7300
96.6093
80.4585
68.3115
94.0838
99.3770
93.5012
109.7236
88.6185
105.7715
109.4286
94.3092
118.3814
104.2107
141.4038
157.9341
101.1238
53.7270
34.8714
105.0396
90.2338
99.5019
61.3999
106.6263
100.9055
25.6135
128.3281
83.9510
154.4643
72.9871
67.3828
63.6282
95.8775
21.1201
97.7467
101.1010
130.6101
128.6522
83.9796
145.8255
123.9473
86.0072
153.6052
91.4093
84.9636
71.5346
79.4645
75.1494
81.2173
69.7052
73.0978
82.3727
80.1369
92.5440
121.3581
120.1270
85.0368
142.3460
81.7546
71.1514
81.9382
81.7432
63.5375
105.3836
100.6077
102.3354
104.6396
60.0234
98.7016
99.9127
64.7653
85.4575
78.1631
76.5804
120.6146
61.4084
66.7698
116.6013
108.5359
65.9455
65.2901
88.9638
64.3838
67.4487
80.4681
73.5504
