122.7956
139.9657
117.7742
144.4187
103.3909
115.0520
144.7734
56.4225
136.1486
67.6858
89.0981
98.9061
90.3396
116.8460
107.9953
79.4245
65.9163
77.2394
128.3454
99.7058
109.9143
89.7857
68.3198
121.7086
92.6909
80.5240
65.8259
105.8011
120.6189
70.5241
79.9394
93.1228
90.0510
123.4280
43.6615
74.6940
60.3189
71.6899
98.7898
48.4431
54.3587
59.2710
91.7424
77.2695
69.8727
84.4732
83.3080
92.3953
57.8972
66.3083
92.1219
112.8885
73.6495
54.1834
96.1508
149.0397
81.3957
106.3226
110.1579
80.8962
52.2074
72.0555
67.3870
67.2098
58.2061
73.6692
83.6898
73.7973
56.4841
90.0401
118.0364
89.9236
85.4660
76.6107
55.8634
90.5426
65.1106
95.3782
92.6679
71.7676
56.3435
95.1784
131.7286
96.0476
95.7220
99.2013
48.2100
79.1540
74.9905
64.4066
63.7872
68.8364
77.1213
64.5354
94.2382
49.1961
68.2092
98.1952
72.5837
48.8241
64.0351
81.6553
114.1027
70.9553
116.1682
48.7988
90.2516
51.6926
73.2700
81.3495
53.8719
81.3129
67.1854
59.1940
94.1435
88.6384
82.9005
45.3359
144.9209
65.9982
97.8881
85.4926
75.2961
73.2248
47.3442
92.6129
74.4832
41.4092
146.9474
68.1370
61.1584
49.7925
112.4093
66.2089
108.2128
93.3690
72.0839
69.4366
75.1051
98.0448
105.4191
123.0380
80.4632
73.9526
70.0150
100.9460
88.6123
99.3370
100.4901
84.0921
138.6945
103.2603
65.7584
87.3547
120.5236
108.1885
67.4815
105.9610
63.5880
79.6519
85.8485
84.2574
118.9126
107.4488
107.8432
75.0631
83.0661
86.5598
117.8206
56.5868
55.3949
89.9853
93.6485
105.5749
89.3894
91.8637
95.9634
60.1863
76.2556
95.6195
123.9714
102.0309
88.7685
109.7310
89.1407
84.1942
72.5780
99.3134
91.1217
90.5713
72.5287
73.6189
111.4506
97.5449
73.5943
157.3857
109.5275
105.0898
109.4353
92.6827
143.6306
97.3488
33.6666
53.8960
92.9289
93.2951
69.9353
100.6545
55.7891
116.5983
71.5035
83.0785
101.3226
78.4487
62.7308
76.7154
100.5324
78.8604
138.3375
107.9095
61.7336
58.0338
57.2980
112.2214
79.9540
98.6941
113.1552
116.4951
82.7410
75.2019
91.3235
117.8001
108.2515
42.4792
108.3605
86.1150
55.0881
91.2679
68.2404
102.2056
63.1813
78.4758
89.8161
90.9821
56.7165
86.1970
85.4840
108.3677
71.1508
45.0005
62.4027
80.4767
74.6038
67.7322
67.5767
68.2642
106.3681
85.5214
48.3818
74.4156
117.9399
57.6868
109.6988
101.7096
74.6945
88.4386
95.5805
101.8060
81.9974
70.5839
212.8258
88.7224
78.8051
53.0280
77.8143
51.1525
49.2626
49.6097
108.1887
72.5963
51.1083
80.1455
69.9953
72.5853
75.9905
82.5377
53.9945
63.8277
83.4629
85.0859
103.2044
83.1900
83.1309
69.2228
63.6998
68.4571
64.9098
91.1277
76.2539
122.7103
93.7551
78.7294
50.9491
91.6249
72.0643
105.5519
73.7551
115.4195
80.4112
73.1404
92.3796
91.1716
94.7483
100.2693
45.2224
75.5582
73.6231
80.8449
18.2290
92.3952
90.1124
72.0319
82.7533
78.9323
64.0032
70.4771
77.5484
77.8081
140.4002
123.0517
71.1994
78.6449
70.6586
123.5360
69.7471
64.5477
103.8466
84.9335
83.7430
120.8390
90.2212
113.4373
96.9014
94.5753
106.2068
50.2286
85.9373
105.5952
60.2889
71.5523
80.9727
75.2918
75.1511
69.8349
59.4952
17.8919
77.9025
76.4797
77.5089
62.4395
62.3531
78.7158
64.4321
46.5454
78.0944
86.4096
68.4908
116.3581
74.9552
119.2099
57.8918
47.6697
62.1306
48.2308
120.2599
66.0616
75.3722
91.2729
67.1488
88.2602
54.9785
56.7920
86.2890
58.0491
108.7120
92.2578
74.3118
107.8590
80.0331
96.4255
49.1699
98.6763
89.8926
107.0145
72.8533
89.6574
128.2186
72.7481
73.9606
106.6939
86.9856
83.9255
119.0355
104.5950
84.6629
42.9254
97.0610
74.0206
91.0006
32.3187
82.5567
77.8326
85.8324
53.5522
66.3143
95.1244
128.5628
59.2323
104.5045
48.2075
83.6446
92.8378
81.2092
102.4782
75.5652
110.9016
48.4125
78.5471
119.9619
58.6629
84.1288
67.7095
62.7724
94.1778
51.5170
57.5797
110.9534
65.9607
110.2804
57.2682
66.3764
46.9008
73.0487
118.8881
83.5217
76.7995
89.1925
87.0290
132.9460
111.3014
75.3591
116.0452
73.1250
85.8063
88.9260
109.7495
73.4740
88.5714
80.0965
74.2485
103.0499
92.8346
50.7871
85.8501
83.7984
93.2582
118.6428
89.2998
137.7383
94.5773
114.5516
82.2782
96.8529
107.6076
97.2570
118.9936
108.0725
163.6495
147.5054
91.1271
125.5055
101.5413
117.8721
85.6247
78.0390
73.3330
62.0924
107.6660
70.0832
120.6763
101.9116
78.7183
88.9877
88.1876
80.0993
69.9677
87.8972
82.4070
77.3525
103.7712
78.2357
61.4685
200.6283
123.1747
73.8085
71.4268
112.9845
74.2401
84.3938
76.9847
57.7483
102.1167
56.1440
96.0331
91.9501
76.5243
85.8473
52.4602
83.1759
64.2220
78.2303
73.4383
101.2904
105.9787
82.5253
107.4156
79.3452
52.7462
74.9994
66.3127
76.7073
138.4678
73.0438
152.3314
92.0559
120.9253
69.2130
99.1099
72.2103
95.0684
55.4739
49.4450
81.3300
90.5341
112.0995
46.1248
123.8253
66.0198
67.1475
76.3874
59.0131
93.2492
97.9568
45.8212
87.0832
63.7356
64.5753
87.8337
117.3436
57.5530
78.2164
66.1238
73.1704
48.8611
77.8705
71.9423
54.1124
85.6039
52.0861
95.2956
80.7420
99.2628
81.4879
90.1717
58.6306
110.1106
58.3062
79.2267
59.9267
60.6814
78.0954
86.0258
108.0643
94.8438
61.8803
63.8447
88.0045
42.5030
110.0541
54.8351
68.4529
63.0108
103.9316
43.4612
81.0294
91.4463
82.9593
57.8822
66.6177
69.0882
73.0796
47.5933
93.4712
58.5777
63.1185
34.9899
63.1980
69.9315
96.9542
45.9526
35.4926
66.1151
112.3809
75.3147
49.5286
56.4250
57.8857
62.0551
57.1076
75.7708
77.0459
128.0847
53.6896
107.6889
138.4917
74.0110
80.3336
64.2819
67.7660
80.8569
62.4301
65.6366
59.8347
62.2194
105.2493
101.2225
90.0783
67.0509
60.9274
84.8337
81.3204
98.9860
72.2633
68.9337
71.7125
64.2049
46.5763
86.8983
87.0935
71.0650
42.6011
48.6205
71.3722
62.9519
52.7829
76.3534
88.2202
67.0776
58.3118
47.4544
89.7576
66.2992
67.3960
102.9420
80.0006
62.1476
60.6776
75.7052
101.5668
60.8758
78.1638
52.0079
52.8645
58.5959
75.7760
68.8242
60.6807
63.8319
81.1961
77.6790
86.9428
102.5993
62.7633
96.9542
36.0936
76.3580
117.8647
56.7358
94.8792
76.5219
76.5432
65.9546
68.9129
80.4722
94.0307
51.5560
101.8093
77.1974
20.8020
48.3512
85.8037
56.3227
46.7116
61.3455
80.5358
95.2582
73.7694
41.3737
47.8805
100.9830
40.6741
49.4661
54.8366
59.7532
54.9479
34.2874
77.9226
40.5212
46.3143
126.8153
80.7320
83.9754
24.2427
113.3043
133.3859
104.5062
74.1519
105.0196
49.6752
81.0952
77.9728
77.6230
121.1016
127.9412
88.8666
117.0298
102.8737
68.1504
114.7446
64.9917
85.9958
100.1440
106.2623
104.4543
98.2302
81.6323
54.9403
66.5775
71.0194
49.1508
160.4258
163.2633
147.5829
80.3528
73.2964
111.6690
77.4321
47.7804
31.1837
84.2772
105.8609
126.0034
67.1282
100.4960
68.6614
84.1255
77.7707
139.1435
111.3796
55.2801
121.2782
91.4036
73.4390
73.2260
116.3260
67.1784
95.6966
105.0458
77.6574
121.8262
105.8161
73.5241
139.8988
110.4292
124.9437
125.1934
72.2317
121.8238
84.8169
128.0474
92.9258
103.3328
112.7388
87.0361
107.3702
78.3320
108.0212
114.4191
74.1656
117.0629
123.7039
63.2089
67.7803
66.7938
77.7532
57.7907
56.4749
67.6988
71.4330
83.0315
25.8697
68.1806
76.9902
60.2178
23.7386
57.4109
44.7206
82.5112
65.7627
70.4693
138.2589
118.8447
128.9129
68.0915
72.1578
76.3196
86.7048
37.3129
64.2982
84.9330
53.8951
94.6398
55.5955
74.9118
102.4612
75.0439
109.2790
124.8997
126.1269
56.1832
29.8387
107.4068
54.1087
61.2631
21.5402
67.0168
85.5908
95.9287
110.2172
96.3368
79.6468
109.6401
110.0033
77.7441
85.9214
71.5092
97.8695
97.8768
82.6509
64.8960
139.8559
80.3547
94.5073
129.1488
88.3832
67.9800
65.3228
45.3559
62.8952
65.3768
108.5673
88.6472
83.1178
90.6283
118.5229
98.9513
85.2847
76.2176
80.1137
72.5359
71.2385
74.2899
68.4462
48.7108
114.3975
81.5645
69.8460
107.5985
77.8940
115.6763
84.9811
129.7118
115.3223
81.0547
101.4487
65.0794
105.3684
100.4447
96.9858
70.5007
68.2106
66.0886
78.0249
152.7386
110.0419
94.0180
115.8312
91.7771
104.7090
65.1654
65.0733
84.2541
81.8671
65.0859
56.6631
119.2091
49.9785
87.2178
115.5078
97.3491
81.9401
60.2721
83.1714
93.4161
102.8910
93.8592
93.3797
47.8668
53.8457
95.2795
70.9741
51.8572
55.2606
51.6906
64.9867
82.1690
66.3469
70.7378
65.4334
68.1968
92.0358
73.4821
63.7869
66.1081
106.9403
92.7217
85.9464
55.9051
60.5372
117.0605
89.3727
96.2814
85.2797
85.0886
61.6190
78.5909
115.1634
102.4686
77.9279
87.6268
101.4117
46.6349
110.7919
77.2916
53.1358
79.9192
66.1106
56.9017
55.6269
64.3747
71.6980
57.2852
99.2531
97.0169
38.4534
61.0596
73.4314
78.2567
55.2088
69.6572
58.4509
81.8014
81.1466
114.7209
91.0404
57.4011
89.8639
52.8870
51.7127
53.8372
54.8309
58.7052
40.8134
113.8625
49.3648
65.8035
85.9062
53.4980
75.4624
101.9925
90.4936
100.6780
65.2455
105.1047
78.2246
69.7260
88.7091
79.7156
18.1098
79.3478
113.1454
103.9581
63.3749
73.1728
121.2791
54.6553
66.2187
52.5589
43.4811
42.9703
57.8940
82.1606
64.2782
53.5240
48.4683
24.7185
65.6518
47.4910
89.9190
112.7465
108.4777
74.1601
98.7707
99.7282
66.0243
73.1508
86.2382
70.7210
115.8499
122.1644
68.7655
92.6411
94.6043
84.6817
75.8303
74.8716
138.3218
94.0084
79.1588
117.9450
122.5692
124.2710
81.3104
69.5353
52.3907
61.4362
88.4285
86.4026
35.4177
94.6018
91.4697
70.6044
72.6446
149.6233
72.5453
99.1705
69.0976
65.6376
59.5693
83.1188
126.8070
104.0209
111.0455
72.5147
77.3934
83.9995
79.9695
119.4918
90.2105
78.6804
74.8282
101.6800
109.9080
66.7664
107.2223
52.3081
79.5860
69.1038
79.5027
109.1091
75.7578
79.6888
80.7398
105.2577
107.0879
113.6076
111.6917
88.5054
87.5485
77.7731
57.9711
63.3502
75.2100
80.9909
72.7534
57.5974
87.2115
82.1185
112.7423
86.4796
59.1702
82.1732
88.7899
55.1309
97.4991
135.6628
54.9930
52.8151
64.6824
67.0678
78.6971
57.3933
102.3353
102.2470
81.9535
57.8138
79.9394
67.1725
68.3689
90.0640
68.2918
79.0499
83.0324
125.9812
142.6069
40.7339
19.3290
124.1681
53.6951
12.9232
111.6265
62.3036
105.5475
115.3740
79.0813
149.7820
89.9741
70.7852
63.5287
43.5419
88.8237
60.6676
61.8887
74.6296
58.9081
48.4819
102.7950
84.9316
58.8309
41.0442
51.4025
65.2276
71.2798
94.5879
77.4265
65.9961
56.6526
122.6583
75.3918
63.4595
99.9314
93.3480
100.4303
95.9422
57.2046
26.9552
47.9757
54.7577
85.6020
71.7396
96.0945
110.3847
71.3427
65.4025
84.0484
110.2164
64.7790
114.9765
103.7374
77.6441
17.0417
42.9195
78.0490
74.4438
44.7621
44.5456
103.6062
50.7695
83.2137
103.9493
78.8375
80.1503
68.1749
79.6664
59.0183
69.3592
72.5223
67.8229
19.0402
56.8017
87.4281
81.0719
73.9866
51.7150
88.8425
93.7512
87.6556
61.2579
85.5478
64.5998
41.9701
56.1365
107.2350
114.3263
76.3883
120.8479
100.7195
100.4368
74.0302
63.9233
106.3845
77.3237
89.0324
122.7039
122.3173
129.2803
117.7588
72.0602
91.9600
165.1877
124.8288
85.7604
101.5389
112.4563
84.0896
66.6603
69.2975
77.7982
104.5239
49.0536
75.0960
71.5398
107.8129
78.8893
51.2709
75.9121
69.6521
41.0018
66.3501
86.5079
102.8840
111.6815
76.6630
66.4626
80.3539
70.9711
66.2263
56.6669
76.2726
126.2926
99.2878
65.6687
73.7861
54.3265
57.8080
59.1208
62.9382
131.7054
75.0051
44.1014
80.6335
74.8653
57.0078
87.5796
62.8877
92.1026
95.1152
90.7638
61.7893
83.7051
76.6693
94.6720
81.9652
63.9920
94.5619
73.1730
58.4745
60.2518
66.9305
64.9437
58.9015
48.0275
84.8599
59.3711
63.5654
89.9599
61.9048
80.1065
49.1905
92.1408
89.9740
54.1835
50.8233
81.0001
110.0946
93.3813
116.7661
110.7742
100.6898
99.0289
119.7414
75.9840
111.0699
115.8488
60.6677
53.2100
49.9092
69.8247
89.9605
62.5338
91.8912
83.9636
71.8350
92.4080
91.0234
96.0382
82.4205
66.3024
49.7548
65.7006
115.7104
69.5405
133.4874
77.2070
60.3927
53.8631
96.8768
94.6671
92.2136
101.5148
77.5853
86.5780
97.1940
100.7222
125.7900
83.6824
84.5598
102.4292
65.8244
81.3890
94.6904
69.6538
77.9284
77.2635
104.5104
111.3322
68.5559
69.7386
108.7620
107.6907
92.4764
95.8099
50.0302
92.7488
113.4720
84.2817
98.4959
75.4324
107.3037
67.4072
108.0125
88.0104
95.1378
86.4366
103.4419
112.5503
63.6078
84.1362
64.5429
78.4279
106.1355
65.7629
94.2086
105.0698
89.7677
108.1594
115.0410
74.2658
72.5536
80.6079
53.6194
86.4446
84.9065
61.4851
89.7317
144.8674
67.7892
74.5067
81.5228
53.9451
105.4395
89.7688
97.5780
43.2771
79.9898
39.1793
71.3973
63.9329
48.3387
77.2594
78.5968
66.2057
98.0028
68.1235
124.0607
74.1563
61.5813
72.2986
95.1301
44.4875
70.2473
75.3404
54.8063
102.7962
107.4421
93.7570
127.7436
134.3874
85.9882
167.5780
84.0868
55.4911
78.9680
66.1504
102.0847
89.5126
103.0666
45.9710
80.3444
68.0554
85.3825
98.6354
80.1372
107.0798
76.6662
73.1292
95.1688
70.2899
87.8147
82.1614
87.6411
71.5890
100.9214
86.5727
90.8333
113.5574
78.6554
104.3490
63.3429
99.3604
79.3896
109.2493
80.1680
97.2897
79.7425
78.3901
80.8197
90.1141
111.0503
55.0667
79.3381
82.0502
94.1068
108.0467
127.1475
98.1316
129.7235
98.0435
109.8586
131.0994
143.9252
84.0319
69.2359
81.1103
84.8634
144.3418
88.3818
80.3209
71.1759
72.9302
58.8294
86.5459
59.2245
50.7909
89.5848
43.2879
55.0717
100.1548
79.6411
96.6100
51.0820
57.2596
55.7375
89.1398
63.2965
103.1134
64.5496
92.6125
93.6753
83.8570
81.0276
89.4867
129.6103
122.6442
117.0901
88.1880
90.1776
121.5460
105.5769
108.6297
80.7757
88.0910
60.5535
60.4404
63.0262
94.8467
83.3870
54.9585
111.4695
58.9823
121.5725
96.3939
79.1801
79.1310
87.0737
110.3431
62.4657
64.0345
103.0840
71.7725
79.0548
59.3784
72.5363
96.7539
72.7254
79.7968
68.8942
71.2925
71.1022
76.5188
73.0193
115.8971
116.0377
48.5117
64.0946
95.7443
129.4720
68.0717
120.8014
136.6989
52.2787
106.5916
93.7538
68.4060
72.8793
81.6582
61.0009
68.9100
64.9641
103.6504
69.4306
77.0024
107.6827
70.7515
85.3188
97.1785
85.4716
76.4863
94.5272
87.4995
102.9895
96.0149
83.6815
127.1124
124.2598
95.9158
75.6554
12.4137
53.4555
63.3366
91.3702
73.1180
99.0234
60.5024
73.3781
51.7604
62.6368
80.7035
47.8612
64.4565
45.5446
67.3163
55.9022
69.5545
79.4201
42.9925
121.6653
120.0505
94.7642
87.9094
130.5163
131.4831
70.7861
100.6261
23.5557
125.4886
78.9329
107.5881
72.1946
89.5873
98.2203
56.4171
86.9534
67.8770
43.4690
119.5926
88.9730
40.2157
66.4098
123.1684
86.5283
45.9119
55.0920
62.4852
72.1732
86.5534
92.0088
66.3542
50.9321
48.8814
104.4802
101.3883
93.5077
122.1510
67.5616
65.5124
20.7750
60.1987
76.8417
61.1156
115.5902
94.2096
101.2359
82.5970
89.9851
81.2680
64.5636
95.5353
86.0607
84.6671
88.5499
83.4717
84.0351
102.2710
106.7269
71.5464
62.8550
82.8110
75.3514
85.2592
42.6329
74.8930
65.8016
79.8009
82.7569
59.2365
68.1970
88.2633
59.5730
71.1379
82.2425
55.9314
87.8019
87.7304
62.4096
98.3285
81.9019
107.3033
104.6231
64.8341
65.4177
80.8265
57.1991
65.7142
56.8203
76.8973
91.1431
56.6045
74.5029
55.0969
76.3519
58.7507
65.0512
68.3439
61.8743
43.9042
80.6733
96.0096
65.9197
55.1670
56.0113
82.5585
100.8695
79.9187
55.6487
51.5727
58.6617
72.1072
101.6314
44.4929
79.1788
87.0442
86.4557
103.1525
103.4061
68.5543
122.4986
101.7844
104.7279
103.9008
115.1073
109.1031
103.1855
100.5284
21.3300
67.3554
72.8146
43.8472
56.6406
62.9637
104.9565
71.5641
119.2823
57.7006
62.4615
79.0606
64.3167
65.3491
56.9044
95.2744
88.6403
97.6709
64.1752
90.3887
66.5331
103.5969
68.5963
70.7175
126.6874
70.6851
83.9088
62.4150
70.3259
90.8949
70.2472
77.4587
65.9848
71.9442
87.7302
59.9747
90.5507
110.0265
71.5602
88.3058
87.0057
68.6489
94.0284
111.2589
97.6209
71.5234
69.0825
66.3350
77.9713
124.2866
59.4633
74.9694
69.5942
85.4397
74.3761
69.1214
83.7299
62.2515
47.0585
92.5430
57.4092
97.8253
97.6376
35.5539
91.2168
69.9632
84.5311
112.4374
90.0418
66.7583
81.6821
67.1517
58.4740
59.7009
76.2379
68.1866
71.8670
64.8729
68.4214
81.0001
52.0483
210.1003
38.6892
108.0717
191.4828
108.6220
68.3366
103.5044
73.6301
130.6449
80.2777
110.4249
58.1948
55.8412
78.8696
83.4751
69.7140
58.1794
49.4648
64.5567
57.3538
71.2025
57.1799
70.7321
56.7814
48.2802
73.9781
64.3851
66.9731
81.5928
74.4278
80.6250
93.5161
