66.8425
45.2852
68.4723
76.5668
50.5600
68.4672
48.4691
62.6435
47.5099
47.2411
46.5602
58.2243
49.6105
48.9220
68.5837
53.1764
57.9766
57.3672
84.5330
60.2280
44.0514
78.5071
43.7644
63.4814
55.0869
65.4046
61.3050
59.7805
60.5445
68.6931
74.1589
67.9171
64.7152
26.3115
59.2381
61.9869
56.2718
23.1616
22.8424
62.0667
56.9028
72.1002
66.3184
53.7863
67.3836
49.1421
72.8886
78.2846
59.4041
69.9827
78.9890
54.1996
61.2578
70.7022
50.9147
56.9404
70.1235
67.0898
82.8474
58.1425
68.9786
66.2167
76.2770
48.6481
57.8461
68.6852
54.1615
51.0749
45.7541
47.3382
68.6663
57.2167
44.9852
43.0600
59.9435
49.4602
41.7521
42.1822
50.8577
41.4844
29.4308
39.8795
65.7528
83.7228
76.5525
91.2733
64.8802
74.5940
68.2569
75.6805
85.2941
72.2025
90.0249
68.5201
81.8284
82.9740
76.7074
80.0020
93.0720
72.9970
80.6135
97.2847
85.6601
76.3197
75.0548
73.2832
75.5374
66.1908
64.3057
60.4959
42.1371
65.0371
71.6883
69.6261
78.1322
76.9284
78.3092
78.6627
94.3162
49.8997
56.0688
53.6454
58.5045
46.8611
51.4701
60.4509
64.2197
68.7601
76.9082
65.3092
81.6375
64.0978
80.7125
86.8562
68.3886
72.2596
59.9006
65.4566
65.4913
58.3331
56.0460
73.7822
65.2841
69.5675
57.1896
66.3163
58.2795
69.6509
78.8682
62.1159
70.6077
101.6378
67.1102
82.0072
77.5437
58.6876
70.7545
61.6824
76.0049
55.2971
72.2045
65.5038
44.8878
59.5596
53.7700
63.6348
59.5569
65.9656
68.8387
88.9687
61.0033
97.3904
81.1241
122.1509
76.2044
74.4307
60.0451
55.0963
77.0668
78.8274
66.4878
62.1884
71.0815
57.0075
74.5340
87.8321
48.7169
65.2940
73.5255
60.2908
58.4163
68.9984
70.8638
53.8392
58.2071
49.2212
61.8172
73.9506
63.1312
52.9845
63.9905
78.0158
59.8897
63.8369
53.3800
43.6924
63.4840
57.4467
30.6237
49.6783
68.0757
56.4687
61.1443
83.7921
46.8565
48.3909
66.3377
68.6481
65.5606
40.4715
53.2974
59.4836
60.0789
54.8735
71.6067
67.2829
75.7820
64.1500
51.8756
59.5815
59.2686
59.7083
57.4525
74.5528
85.4978
80.8435
70.7145
55.6998
53.4894
71.1224
57.8781
49.4076
46.9565
56.8382
59.7084
50.5246
54.6359
43.3155
42.4911
41.9822
57.4964
46.7963
49.9779
47.2119
66.0829
54.4837
88.3969
91.6650
61.0418
56.9000
83.9316
54.9523
44.7958
73.5362
49.0832
59.9331
49.7547
44.0605
89.3162
63.6798
54.5111
70.4833
64.6833
70.4044
61.5579
49.6532
64.5090
54.7753
61.3434
81.3255
81.7030
38.1416
90.0327
72.0871
67.6630
78.7982
71.2983
97.9476
105.9731
74.6520
83.1542
65.5035
66.2703
45.6676
60.0462
71.9527
54.3870
76.5474
58.2972
64.3930
67.2080
67.7708
56.5881
54.1493
65.6054
31.9478
75.5172
70.6554
73.2483
88.3647
67.7491
52.3678
63.8758
113.1481
60.8101
43.7215
75.6658
63.6662
66.2451
72.7224
66.2219
46.6693
81.8646
51.4237
37.8658
69.0527
75.2951
84.3029
83.7561
80.2588
95.1547
88.1263
51.6524
64.6315
72.6198
46.9088
52.5248
60.1280
63.9337
61.0228
71.3497
57.4297
37.7117
70.3572
51.2405
78.4033
88.9506
98.9226
38.1210
67.7381
67.8775
14.1397
76.0260
74.9252
93.1894
82.2753
62.1384
65.2594
54.9223
44.0669
69.6895
49.6132
52.7911
47.9841
44.0808
66.1727
57.3459
72.9825
55.7532
37.3076
47.3973
46.5212
50.1046
44.8314
38.1707
44.2270
79.9193
49.1122
81.7992
79.2774
48.6340
54.7569
64.7280
61.0781
83.4856
44.1277
58.0959
24.3512
54.2219
76.0081
55.5038
50.2011
59.1420
60.9071
74.2561
51.1399
68.4737
52.5228
70.9380
75.7177
74.0910
75.2442
69.6165
50.3893
47.8971
48.1283
64.8564
63.2106
51.8403
65.1022
71.4880
62.2230
64.1294
65.1342
56.7747
59.6709
57.6818
46.8965
87.4734
57.0583
57.9707
56.4551
58.1987
54.8757
57.8349
57.4170
55.2787
65.4084
52.2706
48.0896
60.5391
70.7971
49.9705
77.1624
66.6128
96.8749
60.0878
79.3928
69.1184
73.8728
115.9464
99.7551
71.2381
71.5168
84.8654
87.0375
112.5446
81.8025
59.7586
56.3788
39.8614
88.5530
71.0912
12.9561
72.6973
54.4715
45.6558
84.0202
63.7439
40.4073
46.5183
37.9478
75.4704
29.4452
30.8007
41.2732
49.9898
82.5346
62.1270
71.1201
52.2288
40.0162
43.5943
44.3472
41.0046
85.3227
53.0935
28.9669
52.1382
88.4536
56.3308
40.7749
48.2897
52.5956
48.4791
69.3644
56.1079
65.2569
58.4245
61.8894
54.2709
74.9670
96.1883
88.8723
80.3458
79.8164
85.5597
65.2178
65.6663
70.7686
49.9569
72.0664
57.6699
61.5006
50.0333
57.8772
55.4663
87.8557
79.4734
51.1982
60.5167
54.1595
81.7081
56.8068
49.7035
61.3071
70.1951
75.1695
19.4281
109.9769
45.0620
46.2756
66.2076
71.7017
56.9670
45.0212
39.0323
55.4949
58.3479
40.5543
60.1096
57.6918
63.0935
57.3515
61.8075
48.5053
83.4722
46.6748
49.1670
46.4073
99.7740
68.6044
48.7896
53.9595
59.3439
48.1546
40.8559
63.8438
82.9274
38.6311
58.2234
66.9638
62.2338
64.0548
54.3147
49.5259
53.5725
47.4048
50.5373
62.2977
57.9121
72.6156
64.0897
76.8322
67.4300
58.9537
19.5200
42.4141
46.8798
53.7238
40.2410
39.7092
75.3540
50.3699
71.9900
55.9996
55.8234
62.9421
31.4761
51.5521
50.0508
56.8663
60.9633
40.6122
38.8523
45.3104
39.8352
71.1807
67.8176
55.1218
42.4357
55.2265
42.6077
53.1270
70.4233
66.4232
47.1620
60.5969
52.9951
61.4299
52.1714
32.6203
47.0013
59.9940
38.7386
44.5968
71.0324
57.9353
84.7645
35.5477
43.6607
39.9952
62.3619
15.5822
54.3652
54.6674
83.1534
57.1473
65.2276
59.5341
72.4987
41.0547
65.8490
75.7829
55.0459
47.7033
54.7172
46.7925
78.4220
50.5729
54.7663
46.3895
71.6872
71.1851
61.8255
63.4645
58.0077
50.8685
82.9387
89.9227
63.1787
127.3371
52.0460
73.3985
59.6909
63.8073
70.5179
42.2788
70.9997
72.6635
75.6461
88.1615
91.8494
106.6935
90.8729
72.3734
89.1444
107.1508
66.6900
90.9532
56.5240
94.1845
82.3335
78.5279
51.8741
87.7914
14.5291
59.0192
55.6292
54.4647
46.2005
69.1362
61.5015
78.0649
48.7219
58.5976
80.7575
63.7011
43.5292
64.5244
71.5891
89.9569
65.7604
40.8713
47.8414
45.4641
59.5804
47.6096
58.3550
59.8340
83.5387
72.0737
81.5659
49.2333
50.1896
69.1444
55.0490
50.6401
71.5212
36.7126
46.1489
52.6561
22.6301
30.3080
49.0597
67.8076
49.8875
69.3638
63.7515
27.9815
42.4828
42.3864
30.8334
33.5595
47.1417
56.2174
33.5833
36.9517
54.3409
53.1739
40.0871
87.1717
63.8167
40.0209
80.2701
74.6531
59.8583
59.9510
62.4972
44.9431
90.9166
60.2235
60.8383
67.6222
54.0402
59.2874
46.9780
57.6158
56.5222
53.7673
74.4174
60.9120
46.4654
58.6395
17.5753
64.3926
61.3086
67.5172
55.6729
50.1611
57.1982
47.6538
52.9966
89.2644
56.1986
65.0924
63.1327
64.0110
72.1985
67.1981
57.5001
79.9231
65.5507
49.2419
55.9318
78.0215
76.8839
50.8504
62.8242
80.7076
55.7964
79.1003
53.7720
47.5381
58.1942
60.5219
55.6915
87.2667
49.2648
50.1697
64.1731
69.0923
84.2310
56.6746
109.1164
80.1149
67.1624
86.2288
54.4267
45.0355
74.0826
58.5923
50.1579
95.5957
54.9538
61.6341
58.2264
14.6182
98.6035
75.2779
64.7031
55.6073
65.6291
63.4720
81.6314
91.8209
81.2667
53.3355
50.3129
57.3220
50.1233
58.4250
97.2167
64.6626
89.5129
79.8531
75.5115
58.0974
81.9702
71.1286
77.0275
91.0070
86.2344
79.6221
78.1916
106.3629
103.7257
111.4268
79.3011
72.9670
87.6482
54.3106
101.0054
80.7125
76.4451
80.8146
112.4419
116.8796
85.7407
64.2642
101.0137
86.5825
54.9874
61.5704
68.6838
89.1448
73.6178
77.7252
99.6915
55.4786
85.2403
64.1541
65.7749
56.6352
48.9518
56.0543
65.9878
64.9804
42.3054
65.4320
87.9233
44.9540
89.7472
70.9551
72.1241
57.4882
71.5661
88.3864
41.5167
60.5682
85.2076
61.7439
54.3342
88.7216
68.6018
77.5499
49.8165
57.1566
39.5740
86.4641
76.9739
97.3457
29.2750
43.5581
65.9271
60.1056
44.6487
54.7156
51.2889
76.6498
89.8280
60.6652
69.3779
46.5845
66.0202
47.5421
74.8228
57.0509
57.7456
66.5649
67.2876
54.2862
56.3152
33.3593
43.8319
89.7239
43.6484
54.5702
56.7377
72.7220
63.8255
55.1075
65.2454
30.9363
68.2000
65.2706
48.6711
73.2416
78.1196
112.3871
33.3286
43.7618
31.3227
76.2349
52.1467
56.4735
37.4102
52.6217
46.4242
57.0430
77.4394
46.0338
83.8991
88.4881
86.8770
98.2092
59.4272
65.7040
52.7624
18.7832
17.2134
76.5609
45.0964
55.8576
51.8444
32.8889
48.8397
54.7181
45.4714
65.1764
83.4254
60.8667
51.9276
86.2911
59.1026
45.1297
88.9648
68.2716
41.8548
60.8583
43.8324
79.3538
76.0269
62.7297
41.4440
53.8299
63.5960
46.2163
48.4068
52.8426
50.3533
62.9170
50.8341
52.9860
56.4089
57.5713
39.9890
55.9450
64.0280
63.0655
56.8464
62.0401
35.0081
60.8103
48.2385
47.4783
38.4578
37.7036
64.0495
82.0692
69.9099
71.2063
48.2898
45.4156
77.6772
82.3046
68.8599
79.9973
78.6814
81.6790
98.7114
69.0650
52.7638
72.3995
69.3610
79.1777
71.2995
74.9320
66.2402
83.5670
97.3835
64.6675
61.2269
78.0130
67.4078
51.7614
65.8598
70.0072
50.5838
62.4596
65.3709
85.4311
67.2267
56.7524
77.9631
76.0363
69.7458
37.1081
87.6712
71.4345
43.9764
74.2710
74.1709
67.4255
80.5742
75.6358
48.0472
71.8886
92.6303
55.4212
73.2179
43.7028
51.3524
65.2007
97.8918
51.0832
77.0647
74.4384
67.0771
47.3789
72.8899
86.7430
65.1273
63.1298
51.5841
69.4457
50.8514
73.1479
77.4664
75.5068
55.8702
73.3636
51.9060
13.6739
51.9429
60.1485
44.7309
59.3253
51.4423
65.6862
75.9318
68.8891
69.7901
82.3698
80.8974
66.1063
53.2486
57.4304
64.3313
42.5485
51.9079
104.5599
61.8224
49.1906
55.4072
57.7996
51.6270
64.8340
75.4596
47.2701
57.6684
89.4161
69.5468
85.8149
75.8711
49.6966
79.3679
54.5145
37.5174
88.0363
102.9709
32.7727
35.9210
62.5307
50.3486
79.2130
59.7389
78.2967
39.2557
79.3781
69.1962
60.1496
49.7005
45.6023
79.7253
80.7055
34.5756
