108.8839
80.5993
71.6309
118.4656
56.5882
63.8502
64.9148
105.8392
79.4474
54.3360
115.7127
147.2400
59.8887
108.2371
52.5190
81.6449
98.2828
78.1243
78.2634
168.7111
62.1714
142.8385
120.6068
88.8144
89.4201
173.9324
63.6433
163.6683
78.3181
64.1984
73.8614
105.4927
126.4415
85.5200
73.0854
105.6747
83.1373
89.0295
69.2103
85.0496
94.7463
70.5168
80.8549
141.2200
57.9039
66.4556
54.5993
75.7957
94.6617
69.9884
58.6696
103.3458
115.1589
97.8387
108.3057
69.5752
130.9699
118.4421
59.2370
68.1843
75.6806
92.8452
111.4713
70.3275
69.8743
103.4860
76.3309
99.7117
103.3769
78.5541
61.4044
88.0386
88.2484
113.0440
127.4720
180.3389
72.4422
86.5474
87.4538
76.8395
120.6040
153.0337
85.4653
82.4804
91.6594
114.9258
89.9653
76.8443
109.9319
106.1269
93.2736
143.6521
81.6820
129.4456
114.2820
97.8090
72.0558
126.8808
72.7015
105.4902
104.8030
111.5913
91.9613
131.6911
107.8052
126.8819
130.1383
63.1978
73.8949
158.7682
118.2564
72.4115
76.3663
133.5497
156.2165
62.1968
117.7319
168.4821
93.0265
116.1352
116.5400
80.3571
94.1258
103.6130
108.1215
42.0270
93.2415
101.6229
89.4278
126.2995
107.1321
82.2983
128.4430
100.9761
129.5436
133.3479
177.3373
94.1021
93.2582
107.7656
129.3422
103.6131
105.2234
206.6552
111.4591
79.0435
77.8570
79.5486
190.4644
117.3726
58.3151
76.8896
107.7596
146.3511
59.7023
103.7086
60.2410
95.3432
111.5667
89.9038
94.2499
74.3806
100.4579
71.9292
94.1238
95.6595
135.8939
164.5857
93.2002
193.6948
165.4346
128.6725
81.7971
121.5630
107.5718
83.8582
81.4166
88.1150
90.5601
67.4643
100.4331
124.2647
117.3404
120.8682
55.8932
84.1506
85.9254
88.8094
73.3487
125.8175
73.5359
103.1612
119.9532
86.1618
95.3258
57.9309
113.9978
93.3353
138.9879
128.0946
68.7165
90.6424
103.8485
113.7087
87.3864
76.2980
113.9891
113.7886
66.6860
123.9594
135.8353
100.8839
94.6619
55.6224
87.0335
81.3705
92.4654
86.0772
139.9402
102.7960
110.3339
48.5006
87.2111
77.8245
106.4353
199.0461
66.2613
67.5183
129.1737
85.0760
121.3777
59.0632
123.2152
58.9278
49.4641
80.5960
76.1958
100.7594
81.0621
65.2783
75.0485
104.1360
92.2954
72.9649
61.7592
151.2779
80.3915
71.9045
138.2643
85.8197
58.3631
99.5766
77.4815
86.3222
103.2864
120.4638
73.5842
136.3255
146.0126
108.2717
150.0288
109.1075
106.0797
57.7278
87.8614
271.5061
80.6035
79.3791
131.6741
63.3113
124.9985
61.3213
100.8342
50.9906
130.7624
99.7690
131.2193
94.2364
81.6168
76.7268
62.2405
60.5303
93.2895
117.3545
117.2957
113.3726
139.4931
69.4938
93.7209
115.4844
84.1627
99.3805
115.4659
82.5930
93.4836
111.8904
77.8897
93.1974
89.4093
71.8400
80.8098
96.8709
68.9749
71.0606
82.7205
114.4703
76.4194
86.3511
242.3845
84.8491
91.7846
111.8022
88.7474
169.8699
99.7939
77.2262
106.7918
147.5021
109.8731
73.9772
120.5873
89.1648
87.5375
107.9851
74.2769
92.3298
65.6110
98.6281
126.7907
67.2857
74.1639
86.1605
110.5696
80.9774
95.0969
79.5892
72.5732
74.5177
97.6693
96.3038
80.6498
85.7640
111.1916
74.5182
72.4924
76.9254
85.7088
98.7229
96.0557
50.1005
125.9280
66.7975
113.5125
137.7704
68.0734
100.7685
196.9578
108.3489
58.4494
53.6346
107.3657
114.1296
157.2101
67.1842
88.5457
80.2703
101.9051
49.9707
49.2586
62.8753
152.9727
88.2778
63.7970
119.6375
76.1018
107.2452
78.8130
66.2715
96.8076
113.8329
59.4222
67.4613
64.7958
58.1082
78.4929
100.1881
63.1865
71.4468
83.9894
107.7709
74.0012
96.3794
122.8083
60.7233
106.9431
67.1713
71.2961
110.7783
80.7177
68.9739
83.6515
96.1004
58.4574
114.5198
72.7135
101.3355
95.6330
79.6333
145.3087
125.0969
100.5006
103.4940
53.6048
85.4936
64.7564
99.4112
104.5060
67.1056
103.8507
109.7807
70.3235
81.3588
76.3045
73.1214
77.0029
132.9726
59.1286
91.0319
99.7686
103.2336
77.2570
180.7198
61.3416
73.7987
47.7181
73.8012
80.8469
131.0095
63.7674
96.5253
94.1493
57.8584
84.0433
89.5541
81.3508
133.6655
92.0507
100.2937
84.0494
100.9760
90.8694
63.4350
76.4673
145.8536
104.8560
115.1272
96.9160
105.8589
179.6457
83.1099
147.1047
84.8618
116.4968
96.6692
148.1248
97.0338
90.6086
95.3353
135.8055
113.2587
83.4405
81.7274
64.1942
111.0666
142.0697
75.6429
201.1857
88.1818
116.7631
81.1858
70.8787
91.8697
84.8756
88.4386
90.9604
63.1575
74.1835
67.9576
82.0316
68.6226
58.1103
142.8064
71.0899
77.3663
130.3204
67.9601
144.1973
87.1704
79.2592
88.9073
96.2967
100.8320
99.9711
122.2552
153.5904
118.3044
81.9649
70.2294
90.2388
57.8943
93.6532
123.1060
110.8643
154.6857
86.5857
112.2547
89.7584
128.8668
77.2303
87.2478
89.0202
115.2581
75.1702
62.0114
150.3774
72.4559
64.5077
51.9256
70.5540
160.1865
55.5118
133.7417
73.5082
66.6650
78.4848
77.1994
54.3095
89.0678
109.1947
178.9026
109.0289
68.7212
125.5961
95.6101
153.2308
132.2652
129.3610
103.1745
132.0896
97.2457
127.4887
80.8472
103.4318
82.5848
97.1044
83.7942
79.5803
97.0442
181.0813
117.3788
87.5364
93.2015
121.8786
83.2526
145.8050
163.2852
114.1711
88.9050
100.2482
73.2173
62.0767
151.2481
110.3936
87.1654
166.8679
98.9016
134.6575
78.5295
115.7350
84.7460
84.4958
127.7760
84.8287
131.9620
74.1968
108.0528
72.1468
88.1071
70.0610
63.0791
70.1557
89.9345
62.4691
96.4981
147.5022
100.0436
94.1853
91.4988
72.3385
72.5348
77.0264
94.0182
101.7022
83.0586
72.1798
142.3741
86.9746
69.6612
86.5081
53.7036
103.3800
75.6986
114.5637
128.1418
101.9774
71.9448
57.1268
67.9326
74.0123
98.9618
94.1259
107.7492
75.5226
95.5313
64.9306
65.9805
60.8731
72.8615
103.3639
101.0070
90.9768
131.3229
54.5739
140.0705
111.6138
103.3832
117.0804
95.8554
94.5060
86.4838
118.0959
97.5748
97.3584
80.8045
63.7847
60.3127
107.3138
131.4004
105.2263
60.0124
152.6552
78.9629
132.3061
46.3392
77.4681
100.2569
86.7603
62.8727
98.2876
52.5165
95.1790
74.3866
162.2014
110.3958
103.2044
77.1458
95.3535
65.9826
103.8002
65.2309
84.0341
62.3757
74.1936
96.7075
93.1724
70.8809
95.4116
86.9557
111.3036
56.6495
144.6554
82.1597
44.1394
126.7552
100.1127
73.2292
92.3303
93.8225
79.5362
56.7152
79.8158
119.6301
86.1195
49.1765
58.3359
72.3447
67.1194
80.8677
110.0450
62.8339
87.6548
140.9129
67.0862
74.4908
58.9262
96.9671
67.6941
109.7179
54.5644
65.3142
122.2234
99.7490
74.7171
74.4418
94.3305
70.9344
126.1590
103.6112
115.7877
87.0698
81.4156
110.6755
74.6257
57.2246
116.9283
86.3344
70.5713
154.0477
85.8488
75.4865
71.5872
81.3942
137.2375
55.3125
43.9191
132.2167
164.1689
137.8161
86.3177
85.8964
122.1950
191.7165
71.6648
78.5848
96.5653
60.7733
78.3026
70.7052
89.8218
85.8623
73.7642
59.6638
73.5537
87.3455
89.2619
53.4887
83.1062
68.2800
80.6824
123.8899
102.8382
52.4196
100.7343
84.6152
148.6633
104.9929
113.4805
70.3463
71.9900
111.9641
66.8554
163.6511
75.1526
90.4268
68.0849
78.9594
88.2332
85.5889
110.8507
145.3187
93.8398
84.0352
111.1168
97.7022
115.2888
