62.2108
75.5982
78.9046
137.3033
97.8792
94.3429
77.0321
75.4978
87.9760
82.7114
98.4576
78.2893
83.1905
56.1984
63.6266
60.1177
43.2677
82.6806
72.5569
57.0794
44.1584
83.8398
64.3313
54.6355
63.4701
84.8050
79.0788
77.8409
52.6024
61.9651
72.3951
95.0985
96.7124
69.4721
93.4236
80.9995
85.7854
82.5369
69.5655
80.4843
110.4039
104.8359
78.5571
58.2012
57.6094
109.7071
112.1208
78.2679
72.6722
102.6588
77.6835
86.1307
93.7648
80.5216
68.3598
129.6187
78.2191
81.2752
106.0865
84.6768
52.2244
75.5821
68.8990
64.3632
94.6855
89.6290
85.7429
72.7644
88.5934
74.1459
66.7071
59.8359
59.9415
68.2200
71.5613
103.6012
76.4249
80.8820
84.1944
132.1711
71.9254
68.0446
56.8805
104.9181
80.8851
78.6497
79.3734
95.7764
97.0919
82.5094
73.8648
133.2486
79.4816
106.2556
107.2543
81.0496
88.7156
73.1121
144.8619
66.6751
77.8160
80.6424
106.8774
79.0155
52.9876
79.5881
77.9024
122.9953
77.6575
73.6688
53.4533
77.5290
121.4660
130.1934
122.3112
112.2589
86.3410
110.8814
85.6773
84.4737
74.9866
68.8409
82.4072
68.8190
50.2622
69.7351
80.0546
71.7658
71.3934
83.6790
130.5551
128.9332
85.9792
96.1912
109.1072
102.2362
73.8361
79.8396
55.3162
76.4484
93.3012
68.8411
71.4320
98.7776
109.2591
89.4456
95.3949
69.4901
90.9828
83.7860
77.3813
58.9616
103.6534
78.5837
83.3265
86.2094
104.4541
112.1374
99.7266
79.7956
74.3557
59.5887
79.9755
59.6155
58.0196
47.2700
69.8895
78.6059
86.6547
72.7965
81.7863
104.8385
78.5123
84.6458
49.2791
89.0946
78.1192
94.7513
60.7320
87.7493
102.5681
65.8007
86.7595
80.0090
74.2576
82.8289
77.0612
81.9119
96.3154
85.3379
76.4414
57.4143
77.0822
85.3871
86.9477
69.8278
84.5687
78.5247
69.8833
66.4280
109.0380
55.5876
61.8106
38.8866
61.4225
99.3548
60.3610
83.0357
71.7579
69.3631
74.2068
89.1292
85.6016
88.0780
78.1307
53.1984
102.2705
77.5738
102.6322
65.9265
88.8890
80.0100
83.9643
76.5481
73.5970
67.8374
70.9702
87.1235
83.0805
70.9260
77.4118
92.0678
73.8784
90.7592
132.0757
91.0160
119.0828
56.9148
58.0025
62.0780
93.0547
99.4320
56.2645
91.4703
87.3727
62.6097
57.3543
51.8029
67.2906
57.4954
91.0932
52.0875
72.1210
70.2860
75.4135
60.7616
64.0995
65.8601
69.7893
72.1437
79.6581
66.5932
42.6618
77.2940
67.6389
66.7367
76.9898
55.1955
62.8036
82.8822
84.2737
123.3157
102.2213
76.2973
121.3958
71.6804
97.9189
62.4128
98.7776
65.3423
69.2803
61.8949
72.3107
81.3440
72.6721
65.1383
92.5662
64.9697
71.6848
79.1358
71.3568
100.3969
86.5715
67.1213
55.8492
70.5869
113.3973
107.4840
95.0793
84.6551
93.5939
134.2635
115.8785
86.3236
80.5328
114.5750
77.7368
104.3774
91.7089
108.1395
82.3246
102.4304
53.5102
78.1217
128.8193
71.6392
91.1429
80.0553
94.9667
67.7578
52.2149
88.1810
60.7658
86.4438
89.5288
56.3950
67.9520
118.3402
66.1925
53.9505
113.2026
80.1013
89.1224
50.5178
65.9807
60.2387
72.9106
135.1604
89.4520
75.6463
90.6566
122.5575
133.2639
121.7424
63.0892
78.8176
94.7059
67.2568
51.1932
98.7268
81.0170
57.5546
90.9501
63.4684
87.7516
88.8392
75.4066
89.4403
68.0385
63.4856
96.8050
69.8333
78.1505
78.0455
163.1417
86.9566
57.5183
53.4358
71.4440
51.2087
120.5180
86.5245
92.0510
63.6942
70.8903
65.0615
150.8532
89.8011
61.7080
54.4641
57.4907
67.8965
74.1059
105.1079
82.4297
102.6021
65.9909
55.8085
77.6931
69.0013
66.9462
95.7930
71.4466
80.3434
84.5693
63.6316
56.8311
70.0321
79.0232
68.0052
61.0400
65.3881
71.7696
91.4096
69.3270
83.8678
63.2598
56.6564
85.2288
93.1536
83.7855
95.3112
140.9279
66.6787
70.7822
66.7506
92.0460
103.6445
87.4499
82.8952
91.5217
77.8217
108.5436
94.4696
80.2328
86.4287
81.3351
77.6074
80.4622
83.5177
70.2547
80.3759
63.5300
70.1654
69.0910
75.8874
113.6934
97.8107
93.7383
84.6273
88.5320
88.4058
72.5547
73.2993
84.0642
55.0043
75.8341
72.3737
48.3036
101.5837
77.4766
68.3499
85.5542
75.7513
73.1330
75.2993
94.4377
50.3224
135.3307
77.7000
86.9775
111.3432
86.2875
59.5579
56.8135
68.6580
72.3157
64.9010
114.4789
116.0498
95.1322
119.3985
128.0469
107.6573
116.6134
114.8621
91.6486
93.4990
74.5740
74.4612
61.1793
153.5451
83.9027
108.7029
85.5211
77.4687
52.4284
55.9860
133.6964
51.7084
80.4598
68.1511
102.7641
63.9307
68.1310
59.8173
104.7721
86.7965
77.1907
83.0084
65.3180
84.1270
73.0255
72.4553
80.5895
84.7864
56.0852
101.7275
69.1940
92.4225
117.4055
59.8239
58.5773
93.0306
122.1363
56.7831
84.5831
64.7792
70.2238
98.8799
78.3184
44.6405
73.1572
67.5140
59.6748
72.2801
46.7486
54.3510
66.2878
78.4775
80.3176
75.0383
77.5749
73.8065
84.1060
62.6940
109.3214
84.9367
127.5788
128.3036
53.9562
69.6794
74.4140
73.5150
111.9889
58.2648
81.0384
96.2116
91.0194
55.3847
66.5822
65.6476
95.3605
86.1733
61.7246
94.1455
79.0724
59.3371
85.0096
90.0691
76.5424
86.2235
71.5678
63.3869
68.9402
55.3649
45.3629
69.9706
63.2817
74.4661
117.3129
81.6543
72.2154
69.2757
46.5676
94.1262
61.6575
86.9119
91.1372
85.7315
55.6581
80.5598
68.4208
57.5772
54.1814
77.2059
87.7863
69.1080
85.3762
93.3350
56.3597
73.5478
57.6706
67.4431
62.7682
60.7175
53.7779
90.3115
65.9818
79.4309
110.5499
69.1473
51.9522
112.9615
66.5942
89.9564
69.1939
71.7963
132.9423
59.2942
70.6832
62.2762
69.0820
105.6549
59.8098
66.9902
78.4758
90.0396
70.2932
76.3125
92.4858
67.8773
77.9410
76.5080
97.6070
94.8912
114.5410
95.2023
75.8100
72.9477
63.0820
64.6771
81.5865
66.0353
97.8322
99.7856
87.1314
80.9184
81.0509
98.1827
80.1096
69.5666
132.8815
96.9262
79.4623
72.6517
71.6379
72.2370
117.5944
69.6296
95.2041
80.5352
87.4299
91.8793
70.1821
69.8078
83.5170
74.6101
97.7969
83.2807
103.7951
76.7083
70.1265
77.3243
60.2753
83.3281
85.5608
72.6502
72.4274
85.8795
78.3155
70.2634
80.3618
78.2102
84.2396
83.9517
101.0672
69.7259
60.4089
57.5396
114.5251
86.1978
66.7379
77.4775
68.7647
66.2187
41.7059
70.6421
53.2487
79.2680
74.6714
57.7861
72.7813
88.5992
92.3932
88.1718
83.3326
74.1254
112.1924
53.5409
82.6270
93.2985
49.5813
51.8732
76.9732
77.0972
63.6397
75.2397
76.6907
81.9661
98.9802
195.0297
74.8646
77.3078
67.4438
115.2293
131.2445
94.8562
82.3004
77.6025
59.4635
86.1695
60.8988
74.4765
103.2538
86.9462
93.5797
80.1872
79.4280
89.8871
74.1434
99.6011
88.7764
99.9515
61.5357
49.8866
72.1354
82.6469
86.4910
82.6839
103.5582
106.7170
70.9602
93.2546
97.4810
96.9169
83.4426
115.4577
92.5522
88.5380
91.0954
71.3466
58.4911
131.2292
75.6791
60.8206
61.3235
86.5848
87.0819
92.5904
73.0092
62.7954
109.4655
71.3819
75.2917
57.5277
65.7155
86.3225
79.5175
84.8940
89.1963
88.7946
62.6734
89.5260
78.8635
82.2571
84.4165
87.2870
95.7883
76.2532
71.9864
80.4437
68.5914
90.8165
87.2637
82.1944
64.4161
71.9340
71.8720
74.4986
73.1453
60.9563
92.7822
67.7014
79.3048
69.4172
