137.1358
60.9811
100.9228
149.8581
97.6253
96.0313
81.6848
83.8502
91.4836
121.3069
60.6630
87.3840
79.5628
149.4499
101.3921
102.0074
141.0277
148.4225
133.6908
91.1356
128.5424
83.0116
83.1072
167.9062
92.2606
99.3123
93.2952
93.8435
134.9952
82.5361
115.7698
115.8736
89.5181
62.4696
82.3579
80.9960
85.4410
64.3067
101.0131
96.4938
84.3794
92.5586
128.6553
121.8247
149.4888
129.1701
65.5249
100.9794
74.0280
106.7686
64.7727
70.7231
111.2699
116.1107
68.4345
73.4528
123.6878
94.5792
97.4820
80.7208
73.0427
74.0770
140.9341
97.2353
91.1677
91.9748
104.2151
106.4985
95.9165
95.0289
80.1432
126.5119
107.1366
114.6843
73.4328
152.7955
152.7652
143.3681
130.5923
154.9908
167.6397
125.7524
97.7234
121.1646
173.3444
149.6971
174.4279
93.8596
82.6453
111.3094
71.9806
86.2202
205.4636
82.4704
100.3327
78.0150
80.5544
229.6128
137.1497
98.5926
127.0786
108.1148
124.0972
102.9364
78.6949
71.6329
109.9280
110.4596
68.8653
86.7450
106.7749
154.7894
112.2150
143.1295
92.2301
139.4100
112.3675
79.6088
107.3256
159.3607
168.0373
151.7703
116.3610
131.8232
155.3605
85.4851
96.7279
107.4595
120.2409
102.9019
105.9502
85.3172
96.4435
124.7539
181.1106
102.0396
109.5323
115.3691
95.8347
104.5215
83.3545
91.3975
186.9699
124.2787
97.3073
150.6039
140.3888
117.0040
72.5705
127.0663
68.6504
141.9846
101.9916
70.4767
133.8892
95.1439
202.5834
140.4848
157.8553
95.8672
110.6461
80.8496
120.5313
138.5014
102.5040
138.3615
75.5316
139.2780
71.6210
132.7141
66.9188
84.8011
90.3695
73.4977
111.8892
95.1565
88.8248
67.2933
70.6855
105.9738
190.0419
75.9813
74.5621
101.1267
87.9500
64.6250
85.9676
90.4261
97.8568
138.7848
97.8831
77.6923
102.4342
101.0189
137.3839
83.1458
134.8571
275.5444
98.7710
125.3510
190.1066
146.8901
185.3017
87.3370
100.3648
151.5854
135.6124
126.1849
99.3519
161.8215
82.2894
103.4475
197.0568
79.9134
116.1420
96.4805
207.5176
141.7981
80.7603
116.7803
126.9405
188.7871
167.8734
94.2629
107.9847
102.3516
82.6063
70.9618
87.8751
114.0089
95.4680
68.5621
136.8442
100.1457
144.9273
178.8565
121.7577
112.5877
200.8869
137.3398
170.3616
86.0319
90.3568
160.9491
158.7305
158.5485
97.5586
100.5819
204.6361
139.1287
84.5488
83.1134
110.8395
238.1646
163.9512
106.6720
191.4451
125.7359
89.5422
95.2805
68.6737
279.8479
237.6656
147.5666
276.7953
100.1563
126.0890
235.7250
101.7563
95.2809
110.8837
101.1519
163.5314
74.9827
118.1867
80.2511
224.5230
166.9153
113.3160
91.1917
220.6878
177.3575
163.9891
69.3073
87.9106
87.3537
100.7030
147.2011
83.4509
120.5708
72.1905
90.4766
137.0013
109.5818
121.2924
71.5681
121.0224
213.4057
157.8115
143.7602
91.4931
94.6129
126.2748
93.7140
93.0531
168.3097
90.9228
99.9854
152.2745
49.3684
54.1942
97.4772
136.1885
147.1181
142.8041
93.9385
156.8776
117.9599
109.4932
100.9327
96.6260
114.0497
104.8376
115.3147
149.2137
137.8647
88.4574
122.9003
101.3282
139.4095
98.6640
98.4470
202.7074
102.4350
86.1399
105.5251
139.8238
87.4247
82.3940
171.2044
63.5708
140.1237
195.6421
127.7127
88.7540
118.0029
157.6077
134.1301
144.2163
159.5030
88.0911
125.9603
132.2354
175.0283
120.6135
290.3863
121.3161
97.7134
97.9034
104.0668
80.9637
138.2152
168.0695
135.7672
172.5519
186.9382
76.4380
162.9071
93.1397
127.6921
70.9602
146.8684
110.7164
267.9064
76.8570
73.2493
85.7069
92.7931
67.3629
80.3700
56.3636
78.7684
156.9770
122.3229
166.4763
134.8151
136.6315
80.0502
130.3288
88.3355
96.5723
81.5148
89.5036
91.8435
68.7891
71.5494
110.8615
66.5392
74.5463
83.6377
111.8844
84.3480
67.1736
98.6470
103.4847
104.1923
87.6709
66.7259
91.9433
72.3923
99.0819
114.0237
81.5511
104.8563
85.3916
75.3149
112.2368
92.9911
86.8634
104.3635
108.0150
138.1003
77.0594
59.0940
86.7006
113.8933
115.0922
129.0505
119.4949
99.6094
71.8220
83.1782
83.5101
109.8792
124.1099
120.8525
122.8362
63.1278
97.5517
104.4311
93.2023
122.3936
85.2845
174.0174
182.9954
242.7062
110.5482
136.6876
178.2935
126.7215
222.5588
110.1261
128.6278
66.5596
106.0158
54.7219
86.7873
81.3244
114.4542
86.0266
66.2780
73.5274
107.2396
70.7860
129.8486
85.3280
154.7174
170.5634
131.3061
81.8741
84.7064
94.4987
131.7457
107.2656
112.3839
75.3281
163.1196
111.2120
113.2384
110.7630
134.9072
128.3958
125.7665
79.9339
106.6112
118.5194
71.5181
111.7301
96.7305
114.2764
118.5457
54.2268
104.4733
76.4429
83.3693
130.1822
80.5037
132.7447
84.6393
68.7934
104.0856
87.8175
124.1841
107.4540
82.8269
95.3062
114.3168
79.4523
90.2338
136.7724
87.5837
156.5284
89.6174
80.3000
102.1276
101.7844
49.5941
63.4186
89.1106
113.1609
150.4715
87.9008
88.8552
107.8509
102.6924
121.7737
72.2266
139.3864
66.3561
106.0034
165.0665
133.3551
156.5898
124.6246
95.6027
72.2578
97.3828
107.8208
125.9817
145.4689
74.3728
96.9875
57.0052
186.9820
134.6737
140.3766
111.1115
78.3950
127.5633
144.3921
122.3634
156.9961
92.4839
90.4028
72.7788
98.6049
110.1203
84.9416
117.3454
90.4130
70.9734
89.1184
147.9945
108.0316
132.7949
143.4038
146.9760
145.9237
93.8789
132.4231
101.1522
93.7488
99.6691
62.8947
87.0686
132.1030
74.6870
135.2567
104.7324
117.7320
104.2988
116.0189
117.2140
100.8433
90.7743
112.4626
120.2580
62.4426
55.6668
171.3984
74.2840
162.6014
89.4371
76.5210
93.2595
98.0676
101.1482
121.3931
67.8312
124.3998
98.4658
158.9998
97.3174
76.3010
97.8961
85.6809
114.5368
132.9863
71.2171
142.1184
162.5707
167.4488
108.3039
103.6112
154.9355
150.6645
158.7831
126.5294
125.2477
123.9540
77.6876
163.6082
107.2619
100.3462
100.7573
116.8577
93.4669
162.3548
89.7063
97.7942
98.6072
157.7619
165.2072
101.8703
124.4430
209.5899
86.6388
125.4823
135.2388
119.4495
96.7774
108.9930
118.3014
102.2886
116.4015
132.4016
110.7412
114.6229
89.1738
123.9923
144.8583
174.8014
106.5110
169.1983
189.5164
83.7435
71.0326
139.2909
92.0758
143.3226
98.4297
91.3852
112.9666
128.1118
142.4022
171.1407
152.7160
133.1093
98.9744
92.1856
135.4467
67.6651
154.8487
132.2830
99.8208
78.9745
51.0134
105.9669
93.4584
102.9065
143.7838
68.4526
100.8969
81.4668
80.3742
103.8135
72.0772
116.8504
74.1109
88.4787
92.2029
130.3811
103.6833
112.8751
139.4607
98.0679
158.4431
131.3406
117.5860
187.2297
100.4570
161.0956
91.7444
113.8182
182.2956
137.7635
96.9870
86.0139
92.0778
74.0686
144.1218
110.8203
124.4329
215.6726
186.7745
89.3130
73.8432
138.6005
123.6327
92.2326
103.9071
82.9832
87.7636
135.3086
108.4205
89.2100
115.0021
96.8132
103.6875
119.9057
83.7562
129.1551
127.8589
98.7189
174.3334
234.0092
84.9004
157.0338
149.9232
185.4540
121.0957
207.2802
84.1491
99.9479
97.1987
115.0474
90.6298
79.3036
140.5251
100.8172
147.5069
179.2322
151.8305
108.3788
120.5350
74.8574
138.9179
104.9112
103.0979
87.0596
87.3869
88.6936
80.5399
100.5021
170.3548
76.2642
79.5777
71.5330
132.4187
138.5869
68.5087
129.1158
111.3473
180.4556
224.8917
144.0844
81.0014
107.7412
120.1548
57.2835
78.1940
76.2101
70.3368
78.8994
82.8658
112.4632
69.3934
95.3102
195.1397
100.8034
166.7335
97.7353
171.0670
111.2363
137.4618
105.7205
128.1657
109.3525
157.3913
214.8321
201.5723
158.3247
111.6828
148.5266
140.3487
137.4073
106.7236
171.8011
79.7947
147.4566
90.3919
149.7012
99.0165
122.8824
101.3219
139.3688
88.6914
128.9207
217.3380
151.2811
154.9797
85.0992
110.8500
97.5480
109.6207
125.9409
120.3663
119.1394
115.1346
187.3984
99.8381
94.1948
85.4899
120.4233
93.1916
90.8538
132.0511
188.6625
121.4579
126.8247
87.4965
94.7028
143.6273
127.9922
201.3285
161.3431
146.5152
65.1861
148.0019
94.1241
85.2760
140.6661
106.7564
72.1835
53.4236
78.4068
141.1332
70.1036
128.3340
156.1056
118.0139
93.1517
105.0658
97.0595
69.4351
99.8764
197.7555
95.1861
75.0610
140.6925
105.9605
89.4974
185.4935
98.6808
60.4980
60.9681
