81.7679
85.9741
108.9245
61.6829
80.6876
84.6987
75.4614
104.2064
138.8485
71.6687
84.7979
101.0139
107.9189
53.2113
50.4214
84.0521
112.6231
84.8921
72.2527
87.6638
89.9377
102.1320
71.6272
58.6350
79.9637
68.9186
85.1335
90.1581
96.3930
66.2893
83.7881
144.9629
90.3076
86.4552
110.2074
88.0915
108.2392
83.6616
78.2802
70.1839
83.1279
116.6725
106.3212
79.0206
80.9568
97.9747
79.9253
93.9057
83.2242
97.6068
104.0449
73.6997
75.4217
126.3724
116.5017
65.5696
74.5520
100.9527
63.3487
101.4920
102.7944
99.7366
111.7444
81.5570
79.8328
68.6020
94.7546
97.0172
116.7505
109.2385
108.7421
128.4443
63.5634
84.9378
82.0250
86.8471
107.6157
170.5140
84.3459
76.3497
70.9760
94.0339
79.2289
64.0625
92.7115
69.6356
80.7960
109.0938
67.3718
95.9130
117.0356
128.7745
118.7219
85.9043
66.2667
109.6971
73.8283
72.1319
99.1816
95.0169
117.1205
78.6678
107.2001
92.5451
127.5030
102.4263
61.8991
106.3646
102.0288
87.3775
110.1439
111.1673
108.9337
99.0108
103.2124
75.1976
119.4248
103.2263
108.8561
117.0522
61.4745
110.5744
112.5838
81.4345
94.4004
77.6793
99.2621
154.3797
141.4254
74.7235
105.6774
75.8252
70.7600
116.6067
93.5925
96.3661
88.2705
142.8478
75.6606
92.3069
109.2542
69.8746
78.8069
65.6129
88.7026
77.8592
114.2142
96.3449
63.0201
96.8988
124.0241
92.5411
109.3004
79.2364
116.2197
153.0853
151.7657
129.9786
114.1117
119.1204
78.3454
72.9203
75.6808
127.6665
116.1491
104.7282
108.8240
143.8504
118.2459
110.3694
84.3813
94.1502
80.2104
107.9397
102.0425
111.5920
86.5251
122.5724
95.0270
127.5478
124.9380
100.9843
92.1239
104.6755
89.0930
110.2679
90.7818
85.6287
94.6844
70.8833
132.4189
108.5294
82.5692
148.2955
155.8464
113.7752
159.2728
114.7171
66.5528
83.4004
70.3763
109.0276
86.3957
128.0574
196.7630
107.7401
55.1700
154.8223
176.3043
129.1367
159.1863
124.4765
197.7215
87.4110
141.5083
154.6386
105.2935
96.9247
132.3628
81.1513
186.3189
98.3724
121.1738
134.3827
124.9589
144.8801
109.5272
138.5092
116.3621
110.4441
106.1959
111.6321
108.3744
103.5368
108.0899
100.0416
68.5758
118.8508
128.0518
125.7687
93.7927
95.9897
76.2332
69.5591
86.5192
103.0511
156.9123
129.4483
137.0606
108.7096
97.9001
87.3435
89.2748
102.0957
124.2664
159.2996
134.3624
125.3844
58.6953
121.2459
104.6801
72.7088
123.1459
119.5581
120.9603
113.8215
121.5637
122.2575
135.7243
93.6877
64.7960
117.4706
114.4025
100.3038
131.8258
90.2903
76.2699
104.6823
75.4995
99.7436
87.1369
132.8426
81.0334
75.2025
108.8782
98.7798
94.1875
95.7791
87.0640
102.1224
82.0952
117.6594
130.1613
102.9502
71.9322
97.6966
94.9827
83.2555
79.4287
122.0687
111.4152
96.9455
68.4371
129.1027
98.6178
78.1267
105.5862
76.7685
258.0697
126.2359
76.9284
93.7044
78.6992
111.9319
95.4549
112.7400
139.7995
97.5126
136.5752
68.6536
94.2457
75.0406
65.7804
128.3589
54.8031
115.6352
94.8007
93.8884
97.8282
92.2269
100.4997
78.4265
81.1132
73.2155
133.0913
113.7215
108.1613
78.5623
87.3701
110.7679
63.7827
70.9999
131.8638
131.3826
106.3575
166.3548
65.2422
84.0000
98.5006
138.1325
91.7316
89.1010
117.3512
113.5054
132.4520
90.4930
110.7052
127.9380
107.2716
91.0863
86.8442
94.3944
92.4606
93.9292
90.6377
142.0346
107.6901
66.9710
78.9370
121.1721
89.6526
112.5123
87.3579
101.7852
55.3385
162.8010
95.4614
83.8183
102.9564
98.5265
87.6796
83.8606
99.2293
96.5164
114.6264
83.1438
77.5703
135.6056
92.6107
79.1074
91.5866
108.5156
78.6616
100.2961
82.6607
100.6018
119.1540
84.1296
94.3900
81.0905
83.8743
98.1929
103.5179
153.0568
63.2269
76.6694
61.4509
79.1983
89.8428
81.9188
85.6412
74.3510
67.5034
84.9016
132.0752
71.4099
99.7554
79.7076
107.6670
66.0915
112.5888
77.9212
121.1903
85.2230
62.4140
115.0943
100.3457
69.7650
127.0738
61.4977
71.0149
126.5174
84.2173
86.3533
161.8361
70.9755
83.4076
120.9048
146.1994
110.4009
84.2642
86.9333
115.5352
134.8172
93.4762
80.6096
104.3014
99.7785
88.2739
61.9028
116.2822
101.3468
170.8346
153.6647
114.3991
113.5511
105.1339
152.4065
73.0365
103.0413
96.2816
123.5941
154.3564
176.1848
96.6212
80.9501
84.1690
103.5631
103.1370
107.4343
79.7023
117.0578
77.0944
114.0288
108.5531
102.8098
95.4916
81.3613
102.4771
111.4168
92.6700
117.6619
132.5972
91.5632
133.2712
87.2207
106.9123
108.3087
117.0178
65.6563
73.4873
101.1704
109.9599
72.0598
96.8282
115.7249
187.1936
100.4291
101.1138
93.9906
73.5617
111.8533
100.4724
113.6507
104.2652
94.0718
87.1023
117.6553
128.4934
133.6554
121.6869
113.9235
108.3698
106.1588
72.5681
155.0009
154.3390
119.6583
168.2088
116.7330
85.5464
121.0749
104.3928
101.1923
100.4630
117.0262
66.5369
113.2798
137.4965
82.3390
108.0495
95.7931
125.4987
88.6543
123.9682
131.9905
120.2953
102.5642
206.2135
74.2751
112.8436
88.8939
110.0255
83.4518
157.5641
68.0555
89.8847
111.2549
90.4049
101.0558
99.1999
112.2065
97.1058
144.4941
117.7465
99.6426
123.1694
76.5353
104.1058
77.9224
123.2152
73.5081
93.1643
85.1768
88.3370
129.0317
103.6031
77.1135
67.0032
94.1514
65.4677
88.6939
101.1634
101.1069
130.5964
143.2197
116.2408
87.7997
87.9668
103.1823
117.9478
91.2036
104.5944
96.9993
95.4917
162.7576
60.9701
93.2336
91.9953
150.6373
109.1256
183.1003
73.2361
96.6718
85.6721
83.8338
137.9070
117.8612
116.4194
119.4797
63.9232
95.0152
101.6907
65.6930
80.2043
118.4730
105.1188
113.5164
83.3876
76.5961
92.9304
123.6816
93.1368
76.2421
178.0262
97.8515
87.6883
92.1821
150.0814
115.5039
77.6929
83.3613
143.9363
130.8258
73.3809
86.0503
145.9587
117.7346
74.5348
93.7363
41.1579
76.1246
75.6644
72.7615
118.0599
97.3951
109.0783
91.6327
143.0283
105.5138
78.3382
121.2989
133.0278
109.3656
82.6402
88.8389
88.2439
103.8516
90.2131
83.2802
92.3766
171.6509
61.8996
79.6773
119.1697
154.3376
105.4789
110.8956
146.1856
113.8498
86.3399
132.4714
84.4919
91.5326
109.8355
90.2955
85.6536
112.4795
118.4489
188.2299
157.5648
123.8427
147.5546
90.7227
129.5179
101.4747
150.3289
122.4427
99.1363
150.3830
116.0513
110.5397
110.8784
164.4089
115.4505
105.8564
89.6975
115.3228
120.1634
195.3496
98.7839
87.5694
124.4051
98.2323
64.3817
99.8237
95.4781
116.7265
108.9516
98.4968
99.7504
128.6513
144.7234
93.4661
106.6418
96.7450
124.9614
73.6579
104.0297
91.9188
82.9112
104.1896
95.1499
127.1948
70.9035
121.6543
80.8500
88.0693
121.3079
149.3730
166.8539
122.2055
109.9431
88.9101
117.9050
81.1954
165.4288
87.3777
79.4207
99.9730
105.6571
140.9833
151.5792
178.6587
142.1766
168.1440
104.5950
73.4577
113.1656
105.6893
99.0983
105.1214
124.7065
96.4057
122.3543
62.8280
90.1353
104.6977
97.5656
86.0268
102.5534
75.5638
87.1982
74.3240
75.8336
83.9093
113.0659
61.9515
100.3882
111.5393
113.7417
108.4097
120.0692
138.1310
61.1832
83.6131
86.0595
92.5232
85.4049
84.9666
103.8747
167.6928
86.1034
56.9983
86.4839
77.9615
109.0898
66.9880
99.0959
92.8073
146.7603
101.4237
51.7343
97.6056
106.0218
98.0961
79.3627
87.0004
122.9685
70.8439
104.6432
127.8165
76.0337
89.2636
69.2885
77.1199
45.4634
116.7638
93.8466
100.5731
94.5717
107.2586
107.8552
65.1822
78.6287
98.9359
103.6979
93.8486
131.0356
89.8463
103.6705
76.8739
127.1422
90.9097
84.5716
86.0461
117.1401
134.4118
99.8488
96.0101
72.9724
95.6610
115.9333
136.2206
108.6826
120.8248
77.8351
65.8814
88.5111
95.2246
100.7560
75.3370
60.3167
102.4225
106.9988
65.9414
125.3884
97.1674
89.1930
120.8232
102.0508
85.4324
92.1670
124.5812
74.0470
100.3225
67.7789
73.2225
89.0081
81.1889
73.8110
81.2755
117.7152
97.1082
78.7917
106.7997
106.3044
98.0372
86.8917
97.7198
85.2220
89.0821
129.3321
125.5544
106.7212
83.8624
113.1986
144.2489
154.2625
121.1813
109.2704
146.4479
78.8898
106.1043
102.4229
181.7103
120.1982
85.7654
128.0491
95.5782
138.0756
88.3655
140.0363
134.4960
150.2767
87.7847
115.9074
91.9949
117.6009
114.2341
96.5407
104.7805
102.7144
132.4104
136.1205
78.1064
106.6236
86.8950
111.2402
100.0786
109.0249
87.5958
91.9805
108.3616
81.1570
83.6519
78.0416
164.7301
105.0534
140.2767
68.6319
76.9513
96.5345
116.9358
70.3186
78.2240
104.7125
89.9013
131.5433
75.8146
98.7080
125.4200
106.3142
138.3959
113.6834
81.4626
98.7639
100.8953
246.8791
62.5991
102.8660
109.2199
121.0947
73.7815
77.0816
124.2405
70.1498
77.9290
73.6147
101.2139
96.4828
117.8051
112.3466
142.3922
63.4745
130.7004
120.6578
132.7707
142.5400
120.0648
141.1739
102.0488
117.0382
73.8629
113.1763
125.1084
121.6333
80.1338
122.1063
85.4163
107.7879
92.6531
122.7587
107.8524
125.1567
102.3160
127.1510
137.5969
107.0991
114.8858
146.0765
63.7348
112.3434
121.4492
108.4197
96.3763
78.4670
129.5288
117.7733
77.4453
92.7018
148.5599
104.7190
86.7336
89.0266
152.7080
133.6521
118.9159
121.1526
106.1814
82.0724
108.7755
73.9445
128.3508
62.9126
105.6103
90.5637
109.6155
147.7383
117.9340
68.2370
126.7312
99.8296
74.1849
93.5632
90.0701
85.6735
130.2111
91.9900
116.8807
122.1410
99.3164
80.3091
123.4781
80.6061
100.7961
95.4922
137.0633
118.5175
141.8985
70.9331
82.1220
142.9327
90.3147
109.6786
100.6594
146.2526
87.0279
122.5363
67.6910
137.6846
126.9699
109.5720
81.6425
95.3770
76.9663
76.2052
126.2737
91.7280
70.4984
70.0002
89.6588
87.6124
77.0138
82.8606
71.1870
97.2179
74.4129
121.4402
126.5181
95.4462
108.9360
89.5712
88.1378
88.1244
86.4158
98.2806
111.6544
91.5458
67.8623
109.4854
95.7695
90.0438
101.0719
94.2607
110.4534
114.2966
67.6324
73.2160
101.8224
96.9564
68.7566
101.9636
63.8257
111.2489
124.8774
118.5698
106.7299
119.7887
73.3993
105.3518
146.0450
97.3977
127.3023
116.4914
87.1228
84.9375
115.6559
80.6052
99.4247
151.7818
97.2430
94.5322
128.2279
93.7561
145.2904
99.1398
109.2582
102.7517
134.1756
98.5275
73.5155
77.2391
135.1976
122.8215
87.6950
87.1043
121.3379
90.2477
93.7776
114.2033
97.4092
131.2717
110.4565
128.3631
205.3694
134.1826
81.7460
83.3402
82.1593
114.5978
97.7293
81.2278
80.9199
88.8230
90.6898
65.2182
73.5860
121.4041
72.0646
132.8626
107.2030
104.4720
104.7819
120.9189
122.5523
126.9569
113.8820
71.6475
75.7502
142.8447
108.2531
101.7288
125.3883
99.6734
102.5773
154.6163
116.7068
88.7563
117.6351
120.6523
98.1447
100.9840
94.0533
105.0631
124.7480
79.9705
97.4234
118.5050
145.0286
122.7142
99.5957
131.4277
82.0059
50.4453
73.3096
94.5193
149.6891
109.5537
134.4478
122.6739
100.6727
90.6911
93.6985
94.7007
103.4255
89.4374
108.9578
104.6961
139.3556
104.3358
79.6230
111.2370
112.0811
79.5248
84.7993
