77.5638
104.8630
82.9127
113.3241
113.4160
75.9244
105.0465
79.4010
101.7996
89.7724
110.2393
105.6980
113.2390
78.2023
102.7084
74.4962
67.9259
101.5113
77.4755
54.3509
70.1338
92.8699
69.7090
100.3917
69.7507
86.9178
89.3183
104.6423
74.1476
122.2144
84.5581
55.6347
90.7211
105.5515
103.8203
78.2425
51.7316
81.7908
105.0725
104.0908
132.1333
96.5845
122.9792
113.9113
102.8077
111.6362
92.4687
68.7273
145.9172
67.5189
98.5139
85.3778
74.9078
109.1064
112.2954
150.9165
51.3195
133.4448
89.3207
106.8695
69.3831
95.5573
77.3525
205.6824
84.7896
79.9415
81.6767
109.0744
90.4960
219.9747
111.6310
70.1714
102.0557
88.0373
63.1951
71.2126
73.4987
73.5976
86.9064
75.2137
124.7225
96.3250
116.7122
85.5663
93.1630
106.7739
116.8044
94.4604
90.4139
69.3926
100.2166
109.3116
77.5459
176.5902
120.5506
113.9839
90.2095
93.5784
118.3655
79.7683
98.1675
106.2286
82.9766
92.7657
137.5064
107.5679
130.2160
155.7693
120.6070
177.0327
136.6825
123.9138
128.1390
79.2789
161.9767
149.6764
148.1259
149.1663
97.9115
137.5393
126.8896
86.6988
95.6420
92.0498
82.9053
110.7556
84.2705
94.2366
135.0499
108.2243
138.9734
91.9714
154.5076
130.4043
84.6150
79.1515
105.7016
149.0121
95.3397
94.1841
111.1241
108.0373
85.9847
125.2589
80.7947
108.7141
80.6365
101.9849
98.0336
123.2912
110.9402
63.5408
104.9586
89.7775
154.6609
152.2306
82.6166
148.7338
99.0884
118.9555
94.7835
69.8450
106.7904
117.4675
179.9683
94.7594
80.8474
131.9047
81.0656
101.7260
66.4869
104.5847
88.7357
124.5877
94.5708
86.4828
139.6572
163.0875
107.0443
119.7688
100.7848
132.3034
107.5906
71.3300
100.1379
154.0546
77.7389
121.4889
171.9113
127.4422
121.9229
114.9227
108.5770
87.5762
119.8859
185.1677
90.3970
122.0616
133.5309
91.3540
151.2031
178.6904
191.8082
109.4563
115.2934
122.0880
89.0187
103.9335
119.4055
110.4520
156.1068
130.2481
101.7722
149.4066
181.8820
188.5121
150.0019
96.3931
144.2716
102.5872
62.7338
83.7710
65.4557
106.9840
90.5406
66.2434
103.2230
101.5433
87.1442
155.3644
117.7204
137.4774
159.7199
150.6413
114.0404
179.1021
123.0420
98.5100
106.3542
67.2573
64.3212
82.7948
89.0778
104.9938
146.4871
85.8388
84.7539
157.7743
100.2237
90.0128
72.0440
88.4170
102.9448
130.2154
107.4384
123.4512
155.0058
159.3252
173.1735
68.5575
113.3272
136.1570
92.1244
111.3696
101.1672
96.4258
78.5707
100.5756
142.0834
67.4869
78.0057
77.4181
110.3554
70.1479
139.2870
116.0124
133.4239
104.1872
70.7611
79.9657
103.2226
108.2839
122.9139
109.3878
100.4901
99.4440
136.5856
103.2549
128.5054
132.2195
115.2479
105.9682
91.3868
70.6316
153.8367
128.7319
65.0508
122.3585
78.5712
121.6079
76.2469
136.3499
128.7609
74.0335
110.7758
66.9906
141.9779
79.6821
77.9130
129.9757
86.7862
136.3054
84.3001
68.8878
100.8612
91.1988
86.9657
95.0952
136.9525
80.3727
108.5896
109.3972
97.1396
79.1547
123.1119
114.7719
142.8279
104.5927
69.6239
82.2625
122.6029
115.6465
100.1776
126.9157
92.9187
101.2246
97.3298
153.0638
86.3399
104.7694
134.1340
121.0147
101.0405
140.6658
113.3486
132.8410
102.0276
132.1384
99.9218
89.3407
127.5189
63.7275
71.6891
72.9026
113.3194
124.4502
132.6502
75.2564
79.5674
97.5309
97.2375
119.8691
106.3370
141.1431
98.8843
99.3710
75.6602
127.4204
88.2220
57.3890
76.3677
96.2121
77.8095
84.0859
88.0722
80.9850
119.2238
123.5002
84.6504
70.2502
89.9796
102.5764
103.5382
115.1685
93.3498
102.0961
106.4392
89.2896
67.6401
103.4165
101.0087
86.3037
81.6641
124.9642
110.0325
74.8640
81.8204
107.5840
130.1378
71.5990
73.9841
68.2991
63.0405
78.7902
91.9372
79.1165
110.5575
86.5569
62.3699
61.4596
75.1741
113.3995
114.3627
77.9431
97.8524
86.9344
72.9440
99.2356
98.7501
104.4827
108.9725
111.1971
68.7242
83.2268
100.3945
68.0339
117.7598
96.8361
86.4340
86.6309
159.0454
105.4060
89.4536
88.6796
82.0386
71.1040
98.2871
96.6514
108.5116
102.9461
101.8318
99.4065
85.4826
92.3637
87.6139
109.7510
76.7771
59.1411
79.8269
114.9281
114.0527
86.3770
85.0129
86.4522
56.2218
63.5757
89.4330
107.7398
89.1853
88.9290
93.2332
77.3343
93.9715
91.7200
105.5591
59.2205
90.7677
126.2870
112.7185
95.9725
85.2300
124.1249
113.1364
67.7749
84.0603
67.5531
133.8588
103.5366
110.0961
123.5285
116.6805
72.4165
84.4813
64.3573
80.5725
93.1555
95.7772
95.4953
90.7911
108.1416
100.3148
131.9756
96.8392
77.5260
99.7848
86.8420
102.8913
75.2115
93.3202
252.2409
77.9040
109.4580
93.9132
113.1016
114.0775
93.2353
114.9295
85.8295
92.2707
77.3048
78.3449
99.2980
131.9363
118.8386
94.4179
107.9840
68.5888
95.3051
102.3981
136.3538
118.6587
146.1117
78.6476
84.5563
104.9670
87.9069
74.7361
102.4626
41.4147
96.3941
88.5562
95.1506
81.8694
100.8685
82.5911
105.0570
84.5707
84.6644
88.2079
96.8230
64.6022
90.7106
70.3875
114.7911
104.8942
76.5105
91.8665
57.3236
68.9325
95.6282
83.4378
88.7704
85.6597
67.1214
102.6323
137.7971
139.1861
57.2056
98.3279
92.0754
52.4040
108.8281
117.2063
57.4770
90.2909
97.3005
63.8582
78.4835
113.3705
82.2146
74.5898
81.5942
22.0161
80.7263
133.6402
70.4698
94.6594
104.0266
132.5584
48.4041
120.1784
114.4230
69.7083
131.7193
66.1990
168.1156
124.7700
81.7296
102.0851
139.2390
114.3491
116.5051
67.9356
88.3574
60.6537
57.4733
161.9496
51.2098
87.7662
100.8571
90.4528
63.8642
109.1041
163.2124
60.9095
60.0692
68.8200
53.1032
86.8652
81.2188
68.1152
89.5417
110.7660
96.6463
146.0175
78.0659
112.6580
84.6370
103.3058
89.7584
142.9915
88.6225
111.7692
80.4175
92.6084
83.3595
130.0958
67.8641
86.3651
79.0967
84.3274
92.9764
113.6022
70.2962
178.6933
69.9529
84.8194
63.1784
64.9936
74.8713
60.4059
108.3735
106.5340
76.5724
104.3083
56.9288
85.5379
111.7757
119.2468
90.9800
93.1275
94.9555
116.9030
63.0988
74.6583
69.1169
74.3853
74.1676
85.6389
85.2048
70.0547
92.5124
73.7334
113.5594
97.3664
82.3977
63.4473
84.6358
77.9729
91.8682
76.0208
89.7839
110.7326
82.8808
77.3891
79.6172
111.4102
84.9561
67.2061
141.6159
99.3177
47.4338
138.6819
86.9635
78.9840
77.5734
88.4979
119.3205
71.3868
91.4728
108.9057
81.9155
93.5190
92.2790
92.4402
96.1841
70.0877
142.2022
128.8465
97.4738
90.8465
65.7229
157.3312
134.4260
60.4102
105.8862
121.6331
133.7343
118.6436
61.2148
91.3274
98.7793
117.4588
97.3106
112.1943
91.1408
129.9689
130.6301
124.5296
168.8996
103.9108
122.5491
133.6862
80.6568
121.3829
95.4738
104.2736
67.6192
110.2297
79.9859
86.2159
65.8038
113.5314
81.0263
125.8250
49.1811
101.4978
84.7319
68.8462
96.0186
100.5876
86.5908
88.6604
151.0911
108.8710
106.4059
98.0503
128.2827
108.7492
86.0949
94.3278
84.3387
143.7011
96.7356
132.3589
108.6721
149.5260
94.3019
135.1895
103.8239
109.7392
105.3997
115.3057
66.2912
92.0368
139.6581
94.6734
78.4513
88.8714
93.0641
98.1484
80.5898
84.2077
111.2019
81.7305
96.2265
70.6992
84.1039
102.2967
112.2889
75.8459
147.0051
135.9054
151.0796
122.8147
116.8634
114.3899
66.3026
134.3141
126.1687
77.2722
109.1605
125.2201
78.5407
131.8237
125.9576
53.9047
130.3867
136.9954
78.9256
139.3353
93.9496
117.4868
99.3018
108.2527
137.5068
115.3422
147.2780
146.6197
95.9848
82.5876
122.0494
91.8830
130.5132
80.7975
90.4968
118.5751
117.2163
65.6435
106.5931
124.9283
122.7662
90.9301
128.3768
92.5744
117.0818
114.7569
75.3143
86.7736
101.9024
118.5782
101.3307
110.0282
84.8875
77.1673
140.0602
112.9673
114.0008
99.0809
67.5821
96.3652
126.5407
124.8364
91.6688
101.8043
107.7768
126.2437
77.3207
120.1857
156.4598
131.6673
188.7539
109.9975
97.0198
87.6506
109.8306
138.3754
155.8715
113.6828
156.6513
113.6822
79.9730
94.0545
118.7001
195.2343
107.1263
87.3180
71.0607
134.1446
153.3587
150.3766
79.6378
83.4823
98.4633
62.5376
91.6880
102.2083
112.7407
111.5112
136.2042
67.0987
77.7547
150.3349
88.5370
167.5550
125.5726
148.0944
107.8139
113.0535
89.0239
93.2953
101.9643
82.8668
103.6836
108.0190
78.8586
125.9969
116.7048
82.7968
