133.4674
116.7470
79.7927
73.8926
72.4489
85.1720
115.9430
113.9797
80.6199
108.9238
146.9889
73.0986
156.5315
136.9253
118.5337
69.9158
81.3836
86.4443
143.2128
173.9494
81.0117
82.2657
80.6450
50.1686
66.5371
80.9619
138.6549
140.9017
76.4194
79.0045
115.7393
127.9485
117.7794
86.4921
111.6927
78.0303
55.8673
122.9510
99.3977
84.7048
83.7249
160.6732
62.6563
50.8744
75.5902
118.7406
87.1804
93.4219
193.0935
102.7369
131.9908
160.7474
87.0711
146.5142
102.3253
89.8571
89.0570
117.6318
97.1966
87.4167
73.4604
70.4759
92.5870
80.6088
61.6991
104.2877
93.8108
79.7833
103.6459
84.9283
127.4492
55.9509
154.8033
128.6025
132.4014
184.7240
119.0566
76.1381
96.4105
58.2517
101.3808
146.3435
102.3037
137.9320
84.2346
143.4580
79.4522
48.4178
83.2147
67.5611
105.0701
68.5775
69.6347
92.9668
103.3377
100.4578
130.8173
96.0630
83.2426
84.0403
58.4682
54.3449
84.5600
89.5638
65.3232
85.2064
86.5405
102.1356
61.6941
92.7704
105.7039
76.9439
80.9072
91.7880
126.8501
137.0742
108.7446
94.2972
87.7464
179.3781
148.2125
160.0863
209.4462
147.4475
183.8354
148.2242
204.6816
188.5795
96.3709
161.9945
94.9660
125.2529
97.4103
107.1483
117.3119
130.6626
138.4467
151.7933
116.3755
165.2872
107.5855
145.7465
122.9809
80.2401
101.7811
126.7541
96.4718
89.5402
128.1626
94.7201
115.8919
79.6193
96.9064
235.7541
84.8483
152.2839
88.3461
150.4884
176.8149
107.1414
117.7278
78.2481
68.4824
200.8917
107.7810
146.0562
63.9651
136.9597
150.5197
105.9762
89.4026
134.8459
105.9157
162.4192
84.5402
88.4317
111.1411
115.2374
100.2029
76.0303
164.6486
92.7231
124.6601
136.9103
127.2387
112.2993
132.5092
91.9620
129.1461
134.8602
87.0924
120.3256
85.2718
89.5245
96.1434
176.8246
143.0839
112.5149
115.2403
124.6637
164.7032
133.0900
134.6868
71.6212
74.5808
123.1846
135.0819
145.1259
113.8252
87.8679
107.1978
232.9389
98.8499
130.4878
108.1260
144.9822
129.9341
200.9805
120.1043
79.3025
143.9391
108.8979
173.4889
123.9402
176.9850
127.0760
180.2845
91.6748
146.9061
114.7954
130.6159
75.2851
145.5427
90.8677
104.0368
96.7767
149.6223
129.4294
93.7435
112.4502
101.9193
100.9365
112.5879
62.5348
88.0820
135.1060
103.7573
145.1026
106.7746
103.8343
120.5714
93.1906
113.7623
96.2439
71.1982
114.4734
80.7784
100.2149
75.7841
59.7833
77.4060
90.4861
97.0333
70.4297
103.6326
123.5316
86.3450
129.0579
146.7505
118.8335
115.2681
85.6878
100.3218
138.5627
86.4255
141.8320
103.9894
132.9274
113.5978
87.8064
135.0045
142.3189
82.8937
89.7459
91.8470
67.5994
82.4592
101.3451
73.3995
115.6782
77.9295
155.5589
82.8896
80.7916
136.9350
92.4411
91.3431
80.3272
102.4828
129.6870
141.5954
158.9965
144.6034
104.0724
68.3115
95.9358
114.2627
99.3770
130.8159
93.5012
88.6185
116.9750
110.3697
95.4031
118.3776
104.2107
141.4038
157.9341
100.4789
119.3745
122.9762
92.5272
97.3973
74.4170
64.4917
59.6791
103.4691
137.6096
136.9484
100.7355
91.0831
97.7339
117.2735
115.5863
83.1083
91.9134
90.9948
87.7445
106.3461
65.4226
98.3368
61.5225
104.3379
86.2112
140.7786
143.9131
111.2928
87.2604
89.2464
141.5449
116.9679
102.9559
96.3173
72.1417
105.5578
90.2464
59.6804
95.9738
101.7412
104.7736
77.6730
90.9594
119.6588
88.3719
87.8774
62.1072
72.8477
76.5516
79.3514
76.2935
163.7208
96.8430
74.6265
66.2944
95.8695
131.0258
90.3871
78.9749
107.1076
105.8406
92.9434
140.7665
84.3603
130.4450
142.3240
156.1405
133.5473
102.5144
58.7970
95.0798
87.1558
126.1977
95.3420
71.7830
89.9432
63.7429
104.1792
81.4125
82.3963
83.8033
63.6098
102.4790
82.4733
173.9569
89.4043
83.5675
96.9594
105.5011
103.4069
56.7300
125.1000
80.4585
107.7192
90.6633
101.6692
122.4552
109.4984
105.5266
128.3281
87.8024
155.8198
73.4981
129.4528
67.3828
66.8814
96.4381
97.3199
102.5247
130.6101
129.6818
83.2973
152.0500
125.2766
168.1164
154.2752
93.9555
86.5888
112.0284
71.5346
81.0863
76.1097
81.2173
70.0102
78.4087
84.8017
80.1369
92.5440
121.3581
105.8464
120.1270
84.9820
143.1842
97.9625
81.7546
71.2615
83.7511
120.6392
63.5375
132.5392
100.6441
102.9349
198.2286
168.6290
100.3684
67.3618
85.4352
76.2693
120.6146
130.3381
91.1715
68.6628
123.6513
65.9455
65.2901
89.0022
68.8688
67.4487
80.7392
73.0584
126.8997
138.6471
85.6938
157.0936
166.1856
144.1057
124.3868
171.4578
145.8982
222.2483
203.5647
171.2135
128.1694
139.4182
57.7229
64.8621
60.3848
111.0889
116.2063
67.7860
78.8086
84.8968
54.0954
134.6191
143.0603
77.2222
58.6581
66.3225
188.9812
112.9980
102.7390
68.4894
76.2636
105.4425
62.3640
77.0948
74.6553
73.9105
70.6861
127.9033
74.3768
105.2036
184.6302
95.7359
94.4597
67.1826
180.8472
84.3695
110.4817
96.7320
142.0911
142.6549
84.0581
64.3312
113.5577
64.5267
74.4825
69.1063
49.5611
82.9515
68.4005
78.9905
205.4992
70.0425
115.5973
63.3179
86.8215
82.7902
80.5199
94.2533
75.1287
81.7566
133.7959
73.8125
101.1679
87.7228
73.7321
86.9862
56.2378
102.4785
95.0710
98.7095
198.7425
116.8839
84.6578
77.3218
89.8295
77.6911
127.8776
104.4336
193.4035
79.8318
113.6359
86.7633
131.0353
72.1837
87.2934
73.9295
75.2170
171.0630
99.7586
78.7259
102.1139
126.0226
169.8336
125.8304
79.2981
85.7933
131.6480
99.7679
106.6136
75.3771
110.0185
149.3730
91.7970
129.4682
133.0253
95.4753
103.1915
83.8803
103.9505
114.2445
99.6539
81.0493
89.6463
65.0303
150.5830
68.8062
86.7854
79.9223
79.4728
101.3072
130.5391
121.3172
64.4645
147.9515
89.6485
92.0812
66.1342
153.3685
156.1951
179.2545
79.1959
95.1435
69.0104
215.3331
71.9914
67.5383
170.5791
100.8874
64.5147
80.5292
98.6554
60.5970
105.7297
169.4573
159.9327
122.6523
120.3076
84.1650
124.6104
154.0305
63.1074
122.0156
143.4718
92.6500
50.1657
56.7500
120.3943
138.9468
80.3072
114.6222
88.4427
214.5882
70.0931
137.4955
102.5999
83.6538
264.1086
94.1366
106.9848
75.5885
127.1762
99.4041
71.0485
62.8637
80.3757
83.1271
88.9330
60.6089
92.1246
95.5169
80.8773
82.4753
85.4983
132.2003
136.1833
73.0139
59.8184
89.5683
117.1963
100.9918
93.5293
120.5875
83.3782
101.2449
160.5146
150.2060
158.3879
171.6115
87.0949
195.6053
107.1580
268.5242
126.9802
105.0473
87.3200
126.4965
153.4211
77.6999
99.6130
140.0901
201.0542
134.2678
135.8437
154.7950
104.1904
141.1375
121.7094
131.4523
67.8466
280.6957
128.5202
108.3021
76.1546
208.1858
135.6757
115.1027
144.9216
123.3311
153.1786
144.5880
125.7022
116.1435
106.9588
97.7803
117.2093
213.0712
79.7058
110.5335
94.3954
165.7455
127.1337
121.9339
153.6480
107.6474
68.2795
82.6515
97.0864
86.6146
74.4351
86.4671
78.7897
87.7609
162.2816
103.2325
73.3692
80.5134
154.4126
78.5577
81.1512
81.9529
74.8773
127.7286
81.1188
69.0038
112.9333
58.5182
68.7339
94.2379
85.0010
68.1484
96.5770
104.6416
119.9856
86.5029
61.9143
92.5609
94.3774
80.3335
119.2619
117.8450
58.6466
114.0980
123.3894
111.2309
129.1039
80.6182
95.3936
167.4183
159.7646
145.9266
120.4556
124.4984
126.5474
87.6940
82.1880
114.9865
82.3033
102.8568
77.5897
119.1457
73.1491
101.9683
157.6440
123.4073
96.8284
100.0343
91.1977
190.6068
97.1147
134.9011
83.6285
113.5977
162.3460
119.2252
108.1856
155.3638
145.7104
137.4702
166.1571
92.2755
105.7112
94.9972
94.8546
108.1283
53.8245
178.2671
188.6457
144.2125
69.3397
118.7462
104.7238
110.9295
57.1711
80.4850
133.8313
190.4510
74.2397
129.7359
140.2565
95.2861
122.0282
112.3714
87.9229
122.8909
98.1898
95.7368
66.3485
121.5892
89.1654
67.5229
110.2816
86.2029
124.5920
101.9685
71.1856
122.4162
76.7546
116.2148
120.3867
180.9168
77.7552
118.0072
103.9416
94.5783
107.5193
80.5403
112.2645
70.5262
60.5409
67.2188
106.9257
82.8050
114.2435
91.4931
122.9154
133.0350
119.5343
102.3338
108.7973
100.1473
117.9954
79.7461
90.5857
77.9071
77.5579
97.2253
68.1439
119.9333
126.5073
117.9535
99.6408
94.8047
184.7214
94.0821
78.7750
102.5349
124.6474
121.4630
142.0165
163.4827
118.6971
80.2222
82.2404
92.7141
95.5333
122.3717
113.0279
133.6121
169.8130
146.6243
76.7213
111.6565
91.8515
73.3623
102.5570
89.7128
87.6723
71.7588
115.3122
112.8458
88.1823
96.1676
181.5316
109.1231
81.0574
136.1030
85.2013
90.9309
140.6172
104.5971
151.4017
68.7593
110.0053
108.6820
75.6282
223.1087
118.3002
94.5336
72.5463
53.6539
66.0982
88.8124
90.1075
102.1104
67.5242
97.4791
170.9586
83.4462
60.6823
67.4965
138.5779
167.1578
72.3951
117.5260
183.4100
76.9848
115.8563
94.3143
135.2217
101.7130
116.0677
74.1949
86.8936
96.6795
63.3879
77.1247
106.9405
63.0378
62.3154
121.6242
114.3437
64.1686
103.8164
107.8267
109.9671
131.0551
106.7305
49.2657
119.1139
63.5632
117.9661
110.0807
95.0327
159.0572
78.0560
70.0763
126.5668
134.8155
107.6763
148.0813
90.2039
73.9142
56.8217
105.0129
108.4960
87.7709
158.5874
164.4064
140.7368
74.8415
126.8169
58.1635
73.4295
200.6638
94.4950
76.1008
83.0231
166.7588
129.9002
75.8251
98.7177
61.5809
134.9567
139.3699
62.7535
