59.5341
90.8830
91.0627
79.4196
216.9304
63.6157
132.3744
112.5990
121.6477
88.9677
84.9504
66.5270
91.0228
82.3464
126.1720
76.4608
55.2977
105.2781
91.4419
98.6972
98.7934
68.4409
85.4570
84.6217
65.8435
91.7304
80.5962
68.8968
79.2555
102.9891
132.3953
102.8864
64.6403
88.7983
92.2036
66.9210
62.2045
105.0977
80.4144
63.9822
56.8611
80.6757
27.4017
44.7772
89.7338
70.9910
60.7427
59.8304
79.2215
79.2550
80.9615
55.5266
51.1918
63.7720
109.9898
102.7813
98.5036
74.6800
77.4110
83.8211
100.6051
102.5224
57.9258
105.8761
76.7612
86.1234
70.1822
105.7050
91.6809
100.0027
30.9827
95.3872
75.0462
89.7598
95.8885
121.3273
153.4774
64.4510
81.3274
89.0556
85.1333
101.3602
100.0120
84.8916
80.5919
82.4756
81.3181
52.3491
70.5081
44.8502
67.6152
139.8304
45.0812
83.0882
66.9869
55.6879
87.4198
61.0093
119.1967
68.6312
64.1651
70.6279
90.4446
62.8993
60.4519
110.3101
45.7994
76.4873
66.1047
66.5593
57.4691
51.0235
109.5224
65.3310
80.9235
71.4583
71.4870
97.4538
56.2114
49.6368
41.7335
77.3374
81.6412
45.2863
59.9282
47.8022
35.2824
57.6071
60.1811
67.3633
57.2562
54.4007
40.1568
25.5976
64.2477
63.3784
68.1749
78.8562
68.8108
49.3476
74.6492
63.3243
97.4412
59.3864
84.8046
48.6859
72.1599
63.2098
86.8394
48.9192
66.1169
64.6352
62.8200
23.5504
61.2654
79.2489
83.6855
89.1565
48.2852
99.2199
39.9656
69.5123
118.2399
60.8223
88.6264
104.4640
80.8932
13.2262
79.9563
53.0468
93.2941
67.9198
60.3956
102.1450
84.6937
77.6502
37.5435
51.6650
71.8555
57.9643
89.9367
105.1645
82.6006
66.6768
95.0921
16.3709
98.1326
146.3287
87.8391
23.4296
58.9018
86.3861
155.2048
89.1885
95.2027
96.9198
94.6144
84.9362
63.6865
99.1830
88.7013
84.6704
71.2885
70.8611
68.9690
18.7253
142.5320
85.3705
60.8865
56.6582
53.1296
56.9805
115.0550
80.0634
81.7415
91.6682
111.3669
165.6754
85.6446
72.8370
122.3323
137.0617
95.1302
88.6976
91.4006
62.9665
102.1380
155.0434
90.1795
75.7809
79.7642
91.3141
100.2333
63.1231
76.0724
93.0536
81.1226
56.4609
86.8165
62.0720
106.0642
75.2349
71.9361
57.3924
78.5771
73.8521
167.1785
88.3831
103.2073
69.2748
96.9349
53.2286
99.0302
70.0415
58.6417
48.9897
57.5780
63.6662
61.1258
69.9672
107.2586
76.4167
78.8837
51.5517
59.8721
74.3269
99.0414
59.9271
53.7605
48.3200
73.6806
48.1871
26.6798
68.5591
69.4450
117.8902
126.0889
97.1789
60.1342
104.2854
51.1241
80.8606
92.6333
94.6069
83.2928
79.1189
77.4936
83.6647
81.5920
77.4732
61.6720
84.3724
67.3857
76.9043
66.2579
58.2403
80.7757
77.8905
81.8622
68.8263
75.2058
74.7615
79.4954
73.6060
59.1193
76.4062
53.6821
69.3137
79.2401
48.8413
58.9090
95.5783
55.4149
75.9809
57.9266
73.4761
84.8285
79.4887
46.4784
159.7278
49.8303
66.0223
94.3007
45.7268
88.7444
113.4043
156.3250
169.6482
132.5043
100.2898
160.3442
131.4333
97.5274
53.7511
157.7248
161.7057
124.4490
105.8112
94.9547
119.8809
118.1692
19.2330
101.2342
63.2632
55.9585
65.2451
82.5334
152.4690
106.5110
49.8399
82.7816
97.2856
93.6382
90.2603
72.4678
110.9465
86.3496
75.6531
68.3700
78.5625
78.7732
84.1260
22.2546
83.6929
74.8830
75.5805
110.5072
92.5319
106.0231
66.2363
79.8230
73.1280
90.7258
100.4962
87.6055
90.4888
94.5188
63.0437
106.6099
55.9419
77.9273
58.5953
43.2269
99.9704
63.5662
69.4515
55.4984
81.3352
108.8267
44.7707
72.5604
42.4534
79.3066
61.8389
74.3880
79.3967
77.5323
56.7948
75.2196
126.2419
74.4008
87.0023
56.9295
94.8723
85.6696
68.8524
69.6108
71.2931
68.8082
78.8293
72.9252
27.8676
15.6286
87.4484
79.0817
77.3608
145.9265
89.1712
92.7705
104.1317
60.6220
72.9118
87.7954
58.2964
88.7971
111.0451
81.2538
110.4316
83.8975
117.2897
89.8991
115.5568
100.2365
91.2940
68.9142
56.0471
69.5521
77.6111
66.2859
43.1222
93.2897
95.7797
92.8481
79.0948
77.4883
111.1257
76.5335
76.9678
90.1161
96.5551
89.3205
71.3079
111.5801
82.1897
62.9528
86.3223
101.2968
54.5695
83.6935
97.3200
109.8575
102.6044
80.6960
69.9259
109.8671
60.5504
76.9733
91.9737
60.9517
98.4440
75.3727
61.0538
132.7423
139.2535
91.0894
113.8381
151.4870
146.2670
106.3034
76.2222
81.0484
81.9242
75.9229
44.1678
85.7468
89.8513
65.0729
73.8921
100.5726
57.8356
47.5431
109.5623
69.3501
56.4543
69.6331
98.6962
46.0430
64.0173
78.7909
59.5249
69.5328
59.9390
102.0803
71.8463
102.6400
58.3125
152.9791
50.3695
50.8766
128.1122
91.1916
76.9113
82.5385
60.9588
73.4513
70.4432
85.1509
98.8069
105.4302
134.9952
131.8027
71.8550
47.1757
86.7581
59.5008
96.9615
162.0500
59.5860
113.2289
63.7752
64.2298
244.1042
101.1585
88.4751
134.0615
74.4775
106.2499
107.4350
78.5223
111.4819
93.3493
100.4836
42.0640
65.4159
61.2189
80.5243
62.7971
85.7856
77.7520
142.6653
48.9754
89.9106
91.6479
74.5777
68.0297
63.4046
104.4999
83.9795
82.9942
54.5528
75.3536
64.2528
56.2770
78.5821
50.0772
79.7254
71.7472
71.3349
25.2259
69.5170
94.2098
72.6680
139.5781
96.6587
78.0803
73.3576
59.5508
105.5252
90.0370
81.4808
94.2528
65.1912
74.1442
77.7780
21.9179
78.5727
83.7345
80.8502
40.7576
81.4888
116.1123
95.2514
76.6192
78.4397
78.9446
63.1348
104.0466
80.7941
69.7270
70.9047
58.4735
28.1795
97.9522
70.3637
79.3282
32.9181
84.0666
107.3896
91.2804
94.5143
99.3566
99.4348
80.6941
91.8234
79.2357
88.4089
83.4455
88.8770
92.8042
27.7409
54.2426
91.8985
95.4004
78.5993
87.7879
77.6886
19.7173
103.2831
119.7571
108.9410
18.0036
18.8661
73.3871
65.2773
123.0025
115.3039
29.8200
85.6892
115.9772
73.3748
23.4909
83.6984
88.7246
26.9425
95.2742
117.4634
46.8913
107.9743
102.7750
94.5252
66.7688
140.5556
111.5553
66.9055
82.9948
67.5663
74.8767
57.1126
59.3609
68.3333
80.1221
75.8671
66.5514
49.3152
85.9715
86.2553
111.4325
152.0677
104.6539
80.2409
73.2304
86.1819
94.4001
78.9646
114.0523
117.6436
83.2897
83.9950
91.3963
64.2043
67.7819
79.1375
96.2404
102.4721
76.0898
131.5921
122.0533
80.0468
18.0092
59.1330
83.0515
73.2354
67.0029
96.3340
102.5302
91.1752
80.3639
124.4390
80.0603
76.4250
105.5866
71.7132
69.9155
65.3575
72.6643
48.9942
66.5501
67.7613
66.8230
55.9577
101.9941
82.0917
80.8273
87.5348
89.0872
77.3570
81.5895
69.7267
103.1313
90.7516
60.8675
83.9718
59.7014
76.9506
74.8525
69.1777
86.6101
72.7797
63.2265
129.7720
85.5629
83.5007
63.0176
70.9116
70.1376
72.7022
82.4236
50.7219
101.1339
94.5395
120.6248
90.1779
66.2082
66.5918
137.0163
99.2994
105.6630
116.6816
98.6938
108.7217
99.1027
88.2282
103.8828
119.0399
121.5311
96.9528
100.5178
122.7966
86.9043
110.5698
72.2172
88.7981
106.8608
86.9740
82.0702
27.2008
101.8338
79.0436
97.0158
98.5398
97.6001
25.9110
62.4457
88.2226
137.3518
75.3984
22.1118
64.9394
85.5374
20.0024
103.0767
124.4579
68.1390
141.3365
74.6178
93.4140
110.0434
68.1455
68.0009
64.6829
96.5099
101.1141
106.3049
85.9609
87.9442
64.2348
62.7522
62.8223
65.6770
57.9705
92.2718
85.8511
47.6053
155.0530
83.9495
74.7783
87.9695
76.0939
148.1433
106.7908
91.8875
74.0287
91.4130
49.8949
62.0378
64.4858
60.0872
74.1756
66.0777
27.1817
33.0740
76.7954
83.1255
75.0048
90.0712
86.7559
90.6617
103.9021
83.7698
87.3179
83.9256
95.2702
81.1956
75.2430
76.5387
30.6822
74.3718
75.6251
64.7500
19.3584
89.6525
64.7139
74.6112
64.5911
90.7445
89.6699
