36.1600
104.4575
88.5187
40.7994
68.3611
125.3414
57.7528
33.7827
147.5665
65.5670
58.1413
44.9772
82.3553
21.6770
147.0514
52.7821
46.2428
92.5558
77.3464
84.1955
63.3830
91.3128
116.2355
53.5910
24.1425
90.7528
93.1321
68.0588
68.6169
47.4868
64.6322
142.8206
67.7860
80.4125
58.8868
91.5498
60.3425
57.2790
82.2758
16.7118
79.2382
73.6526
71.6737
61.1539
120.6989
76.8161
64.9135
84.9138
64.7513
21.0316
146.0481
79.6362
65.1211
90.2563
184.1509
86.6175
114.4825
110.4149
74.7622
115.2797
74.4406
129.7730
99.4375
101.2722
127.4559
71.4539
124.4656
50.7575
48.1592
77.6888
53.7070
115.7021
95.8590
59.2404
94.3392
130.1515
58.8363
95.1711
86.3973
75.1187
89.9488
96.2611
85.3669
100.7455
84.8009
72.7040
75.7050
70.8218
122.9795
99.3880
84.1978
97.8619
68.8239
85.5484
64.3493
64.0324
123.4020
74.3708
77.1503
89.5496
126.3629
91.4354
63.0407
89.4151
104.6050
63.4670
127.6233
73.8292
91.9787
22.2195
117.2515
103.5886
84.8248
68.8822
79.1981
56.3790
89.2004
65.5878
51.9509
91.3420
74.5530
56.1059
62.8223
19.9723
106.1502
65.0401
15.9950
90.7075
84.7884
132.6766
90.4124
99.8961
137.4992
34.4384
21.3562
24.6299
96.5461
88.8993
79.7514
61.4719
96.7599
88.1160
88.1793
83.9831
110.1658
92.2627
114.5850
74.9559
144.8669
80.4276
77.4208
79.2948
116.1110
62.3198
76.9767
68.1682
74.2584
65.8600
22.4469
100.8224
119.1069
84.5486
78.8951
82.7180
59.9859
86.5760
63.1744
81.1278
147.4596
108.5750
88.8320
82.3183
117.5044
196.2172
97.5315
111.5666
110.8900
76.6806
37.2963
85.8923
132.5063
108.0119
90.7953
116.0781
88.5482
99.3503
93.1809
78.0946
15.5533
71.0236
27.6916
75.3922
63.3140
53.8693
63.4771
90.8148
97.7611
62.9803
103.2118
149.0870
24.9141
71.8916
95.6796
90.2526
82.1007
84.5996
125.3978
88.2533
138.1793
63.6358
74.2066
109.0017
87.1193
79.3319
80.8535
77.1052
92.3141
75.3010
65.7668
114.1051
84.2489
140.1169
168.7924
134.0807
69.9386
78.6868
62.4553
65.4502
130.2285
202.8647
82.4926
78.1491
57.6203
218.8787
75.5431
142.2439
107.0007
77.3461
104.6953
87.0535
53.4118
73.1932
55.5558
112.8706
148.4984
66.2303
50.9534
117.3604
102.2264
82.6001
108.5852
91.1776
72.6173
64.9681
19.7297
94.3645
136.3088
81.4440
79.2456
54.5850
93.8861
69.0779
103.8021
82.6091
76.5838
73.5302
167.0209
111.7752
103.0222
72.9102
65.8100
96.5071
98.5337
78.2973
69.1865
82.9292
66.1109
95.7197
85.6019
83.9271
101.0733
59.8486
112.4494
107.2448
82.5235
85.5394
68.1976
84.1612
92.6401
23.6578
81.4354
87.4405
101.6326
65.4494
92.1244
61.4961
129.2551
189.0958
100.6977
92.0708
156.0096
111.4154
75.0628
81.7093
95.4053
191.0336
119.6487
70.5673
112.9076
129.9869
83.1811
94.1943
98.4536
100.5869
84.0567
24.3591
86.9660
79.6864
97.3962
103.0390
101.1796
77.4233
72.1843
117.5243
104.3600
108.7248
68.2177
92.9602
86.8184
97.3356
102.3455
63.7980
80.6346
75.3394
110.1240
116.3796
79.3078
141.6052
86.1839
110.0060
131.3885
63.0703
61.0052
95.6885
101.5691
101.6003
47.3113
119.5099
53.0990
98.8943
124.9047
119.1305
63.7589
57.9067
62.9058
82.7150
105.6106
141.6420
84.3237
116.0768
66.8081
138.3105
78.9004
45.6861
96.8277
65.1571
85.6292
151.1947
131.0250
100.6487
81.1430
114.1532
81.3477
129.1539
79.4135
76.8040
68.0973
84.1156
76.2202
63.0579
105.4812
99.2527
111.3198
82.7540
62.0798
101.9296
64.1174
36.9746
112.7138
19.8192
35.6204
102.8457
174.3790
64.8848
115.5966
131.3630
130.0996
72.3640
91.7381
104.6067
96.9073
141.8193
80.0349
113.3316
78.7473
111.6850
105.0398
87.1401
146.8894
89.0232
91.0464
111.0293
75.9662
65.6378
154.9161
74.2012
59.8939
54.3825
107.3822
79.7415
64.5366
87.5099
87.3715
76.5067
109.4588
53.1406
79.0622
95.0006
102.8717
77.1107
103.6614
120.0089
59.2239
120.4241
77.0951
120.0729
89.4364
106.9200
57.6633
136.9847
131.0230
75.0167
80.1938
71.5342
70.8863
87.0799
151.8733
111.8383
104.7374
78.5845
75.0669
136.5678
60.8899
76.4635
127.5648
112.8097
67.6977
123.3867
85.3541
90.9866
89.5554
89.1721
66.2947
102.3774
123.9829
68.9447
150.7551
104.3279
59.6832
86.3456
79.5876
74.7976
98.6676
127.1754
157.4888
115.9931
51.3641
91.5695
67.6017
153.1964
85.3199
83.9237
116.8691
104.0952
96.3318
21.9304
115.1200
129.9631
96.3175
114.9292
41.0263
78.2397
80.8900
108.6427
104.5385
107.2472
92.1781
122.1005
84.4241
93.9012
83.9201
95.6466
156.2642
132.3074
118.3366
112.7721
104.4976
65.6457
78.9486
90.2300
65.7066
115.8284
76.4063
86.8538
66.6441
69.9362
67.8062
114.8466
86.0663
153.2431
138.9778
76.8370
112.7542
176.6386
107.2690
169.6797
69.8968
60.6395
70.8570
56.4697
89.4316
92.3820
93.8734
84.7352
56.7062
87.2537
79.5457
107.8303
156.6679
73.7279
51.3446
48.1181
97.7568
90.2162
38.8508
145.9442
137.0111
120.8574
109.2170
88.2415
101.8787
50.9586
104.4899
68.4280
71.0197
123.3181
174.3097
62.7821
98.7539
113.6920
80.0692
131.6942
77.0777
86.0968
69.1762
62.0282
113.4214
94.4039
72.4869
92.0990
71.0741
102.3261
75.3441
91.1372
86.9572
91.0861
39.0482
18.3716
75.1126
71.6709
111.1963
74.6392
62.2363
156.2898
76.1546
114.9839
108.2211
128.9307
81.3398
105.5524
128.0038
37.2164
116.0650
114.3624
71.5670
21.9903
29.7162
