47.9900
24.7252
82.1631
69.7233
93.8637
78.1440
74.6004
76.1047
17.8517
25.0297
23.6199
31.7866
46.4603
22.6471
87.0815
16.2023
101.3729
86.6863
86.8574
86.9221
94.4175
63.9284
18.6508
71.5228
83.5381
89.8095
96.8102
98.7774
39.1714
131.7823
90.0668
81.5967
98.8687
89.7731
66.5954
72.2888
96.8841
73.2049
62.8237
23.4087
97.7365
74.0661
72.9355
79.9924
70.4966
78.7893
78.4725
25.9348
77.7365
61.8854
27.7478
19.5386
71.0173
81.3291
64.8832
70.6694
72.9348
73.1916
74.0759
45.8717
23.4769
43.5611
125.2103
120.5492
37.0442
31.4154
91.9208
110.5152
108.0392
115.8198
60.4197
82.2336
35.9652
83.8240
105.2011
29.0846
78.5142
66.3623
56.8504
87.6671
53.2675
31.4848
88.6525
77.6803
82.7374
65.0546
68.0524
31.1423
59.3950
34.1956
19.4145
22.1750
78.8768
114.2705
27.7047
19.5651
83.7303
47.1701
95.3896
76.0566
84.2105
127.4976
98.4873
62.5878
97.6640
68.5059
70.7396
100.5412
85.8850
70.5707
34.6100
28.3107
21.4707
60.2575
36.8503
25.1432
20.8892
56.7834
67.3459
71.4089
87.3859
103.7832
19.7331
100.4265
80.0464
70.3726
80.4326
99.2644
20.4991
26.9416
114.5506
94.7913
70.1459
102.1304
30.4888
108.9074
128.7191
84.3728
82.2966
85.1362
55.4656
23.1051
87.0018
56.0793
71.8400
18.4520
40.8069
118.6800
56.9183
80.2464
79.9078
67.4854
94.7570
91.3714
86.8533
85.9084
60.2829
50.7884
83.9770
90.6804
65.4872
23.2261
33.1475
27.3202
101.5937
58.3536
80.0719
72.5792
107.5572
87.1545
72.0560
91.2555
64.1700
62.9626
72.5354
92.8117
108.4976
85.9585
63.6420
92.8937
67.3107
80.8934
79.4835
54.3786
86.6306
99.3796
93.6555
94.3573
29.0369
91.3420
89.3317
70.9628
48.9644
34.7459
