38.9847
100.8751
48.0223
135.3806
88.5136
115.4481
95.0880
111.1100
80.0299
104.6470
88.8387
73.9460
16.0330
25.7309
81.1426
27.4618
55.4733
103.3116
104.9024
80.3237
61.6520
71.1184
129.3656
87.2270
86.1479
100.4034
84.9004
98.6580
19.3460
86.6924
88.3274
48.8715
80.8901
83.5990
84.1690
94.9807
78.9061
117.5420
71.9360
72.8460
100.4092
63.8306
95.0840
96.5053
18.9350
19.8967
78.3492
56.4967
105.8947
71.4386
93.7094
68.4521
94.6558
127.4510
64.1082
79.9941
63.9290
52.1021
79.3292
33.2348
100.8453
31.7869
76.3332
91.1372
57.2862
64.0230
91.9330
76.5372
76.9973
92.1921
75.0651
61.9282
93.9194
78.5910
98.9995
38.7654
30.4789
21.4006
48.5262
39.1387
57.0249
54.7758
73.7358
66.0153
68.4971
72.1012
52.0205
43.8508
54.8030
77.8828
63.0262
20.2696
58.2489
92.7935
42.2140
26.3908
22.4717
101.6041
101.9115
92.1810
30.9472
122.0638
94.0471
85.1049
31.9743
21.6981
21.8029
17.9214
83.4922
72.7969
94.0424
52.4895
107.0498
94.5508
92.8779
56.3891
76.6130
40.4989
84.4965
82.5194
84.5208
79.7146
63.9090
76.7295
57.3639
49.7672
32.8989
29.5116
22.1872
122.2597
75.3633
106.9465
115.0182
103.5732
99.9074
84.1520
95.0365
19.1601
97.1368
124.6839
26.6401
82.5276
75.2241
71.1259
76.0606
102.8228
64.6723
18.1999
84.3899
102.1825
101.7519
95.1288
73.1822
78.6771
115.6450
57.2789
94.5583
78.5656
32.1576
22.4637
34.5667
109.5899
91.6421
88.2760
106.5401
88.7518
60.0700
92.6499
92.7117
22.6462
133.5791
74.5603
75.8856
