0.15124,225.56
0.15736,229.15
0.16372,229.45
0.17035,228.04
0.17724,224.63
0.1844,226.6
0.19186,229.97
0.19962,230.05
0.20769,227.79
0.21609,223.69
0.22483,221.26
0.23393,223.28
0.24339,225.2
0.25323,225.36
0.26347,225.04
0.27413,225.96
0.28521,227.16
0.29675,226.67
0.30875,226.46
0.32124,226.15
0.33423,226.8
0.34775,226.32
0.36181,224.18
0.37645,224.75
0.39167,225.19
0.40751,225.45
0.42399,225.33
0.44114,225.41
0.45898,224.78
0.47754,224.49
0.49686,224.73
0.51695,224.21
0.53786,223.04
0.55961,223.16
0.58224,223.18
0.60579,222.98
0.63029,222.69
0.65578,221.97
0.68231,220.93
0.7099,219.8
0.73861,219.43
0.76849,220.85
0.79957,220.46
0.8319,219.74
0.86555,220.75
0.90055,222.29
0.93698,222.43
0.97487,221.86
1.0143,222.21
1.0553,222.33
1.098,222.91
1.1424,223.38
1.1886,221.98
1.2367,221.01
1.2867,220.81
1.3387,219.8
1.3929,220.69
1.4492,221.96
1.5078,221.23
1.5688,219.35
1.6323,218.44
1.6983,219.57
1.767,219.96
1.8384,219.88
1.9128,220.1
1.9901,219.19
2.0706,218.47
2.1544,219.16
2.2415,219.18
2.3321,218.06
2.4265,217.53
2.5246,218.06
2.6267,217.74
2.7329,215.95
2.8435,215.67
2.9585,215.98
3.0781,215.1
3.2026,215.88
3.3321,215.84
3.4669,213.75
3.6071,212.11
3.753,212.88
3.9048,212.67
4.0627,212.39
4.227,214.28
4.398,212.93
4.5758,209.88
4.7609,209
4.9534,206.91
5.1538,204.48
5.3622,206
5.5791,206.57
5.8047,204.19
6.0395,205.06
6.2837,206.49
6.5379,204.07
6.8023,200.54
7.0774,200.98
7.3636,200.15
7.6614,195.88
7.9713,193.11
8.2937,191.44
8.6291,189.89
8.9781,183.95
9.3412,179.26
9.719,177.12
10.112,174.35
10.521,172.11
10.947,168.13
11.389,165.04
11.85,157.56
12.329,152.86
12.828,154.17
13.347,150.13
13.886,134.71
14.448,122.25
15.032,114.25
15.64,106.41
16.273,91.531
16.931,77.957
17.616,71.866
18.328,61.666
19.069,53.872
19.841,45.609
20.643,33.844
21.478,24.402
22.347,20.786
23.25,19.252
24.191,18.333
25.169,18.333
26.187,18.465
27.246,18.423
28.348,19.262
29.494,23.349
30.687,28.871
31.928,39.908
33.22,49.675
34.563,58.02
35.961,70.436
37.416,76.475
38.929,78.139
40.503,81.801
42.141,82.733
43.846,82.291
45.619,84.885
47.464,87.828
49.384,85.126
51.381,84.254
53.459,83.882
55.621,81.19
57.87,76.907
60.211,75.887
62.646,76.899
65.18,81.197
67.816,83.302
70.558,78.652
73.412,80.409
76.381,82.275
79.47,88.487
82.684,90.771
86.028,83.947
89.508,80.448
93.128,80.844
96.894,78.403
100.81,75.238
104.89,84.053
109.13,96.385
113.55,99.519
