0.15124,222.59
0.15736,224.04
0.16372,227.12
0.17035,228.86
0.17724,230.02
0.1844,231.44
0.19186,229.76
0.19962,227.12
0.20769,227.29
0.21609,227.61
0.22483,227.78
0.23393,226.26
0.24339,225.69
0.25323,226.25
0.26347,225.71
0.27413,225.32
0.28521,226.5
0.29675,227.51
0.30875,227.53
0.32124,227.91
0.33423,228.42
0.34775,227.89
0.36181,227.99
0.37645,228.78
0.39167,227.67
0.40751,227.07
0.42399,224.16
0.44114,225.38
0.45898,226.9
0.47754,228.17
0.49686,228.73
0.51695,227.88
0.53786,226.53
0.55961,227.31
0.58224,228.02
0.60579,226.8
0.63029,226.13
0.65578,224.93
0.68231,225.29
0.7099,226.85
0.73861,226.51
0.76849,226.54
0.79957,227.69
0.8319,226.72
0.86555,225.18
0.90055,224.48
0.93698,224.22
0.97487,224.17
1.0143,223.59
1.0553,223.08
1.098,222.95
1.1424,222.69
1.1886,221.79
1.2367,218.66
1.2867,219.22
1.3387,220.38
1.3929,219.9
1.4492,222.85
1.5078,222.12
1.5688,220.68
1.6323,219.85
1.6983,219.86
1.767,220.84
1.8384,218.94
1.9128,216.78
1.9901,216.57
2.0706,215.4
2.1544,215.73
2.2415,216.55
2.3321,215.88
2.4265,214.95
2.5246,214.19
2.6267,214.88
2.7329,215
2.8435,215.32
2.9585,214.59
3.0781,211.23
3.2026,211.92
3.3321,215.11
3.4669,213.42
3.6071,211.17
3.753,211.49
3.9048,210.84
4.0627,208.61
4.227,207.39
4.398,207
4.5758,205.26
4.7609,204.85
4.9534,206.62
5.1538,205.69
5.3622,205.01
5.5791,205.04
5.8047,205.47
6.0395,206.33
6.2837,204.31
6.5379,201.51
6.8023,198.68
7.0774,197.01
7.3636,195.99
7.6614,191.87
7.9713,187.51
8.2937,181.95
8.6291,172.84
8.9781,167.51
9.3412,164.06
9.719,159.56
10.112,153.23
10.521,146.54
10.947,145.44
11.389,147
11.85,145.42
12.329,148.34
12.828,158.44
13.347,158.77
13.886,161.42
14.448,166.82
15.032,170.94
15.64,174.33
16.273,176.69
16.931,179.36
17.616,184.04
18.328,186.25
19.069,188.02
19.841,187.42
20.643,186.75
21.478,189.13
22.347,192.09
23.25,190.66
24.191,185.57
25.169,185.76
26.187,188.76
27.246,191.32
28.348,189.46
29.494,186.65
30.687,189.78
31.928,196.11
33.22,195.44
34.563,191.31
35.961,190
37.416,191.15
38.929,192.57
40.503,193.41
42.141,191.13
43.846,191.34
45.619,186.72
47.464,185.09
49.384,185.53
51.381,183.72
53.459,187.01
55.621,185.8
57.87,183.39
60.211,181.04
62.646,180.41
65.18,184.18
67.816,187.96
70.558,185
73.412,186.79
76.381,191.8
79.47,193.33
82.684,193.98
86.028,192.52
89.508,191.63
93.128,192.32
96.894,192.23
100.81,192.59
104.89,191.64
109.13,191.96
113.55,190.81
